0.000028,0.005686,0.568618
0.000061,0.003215,-0.247073
0.000316,0.025588,2.237236
0.000771,0.045489,1.990163
0.001482,0.071077,2.558781
0.002506,0.102351,3.127399
0.003899,0.139311,3.696017
0.005718,0.181958,4.264635
0.008021,0.230290,4.833253
0.010864,0.284309,5.401871
0.014304,0.344014,5.970489
0.018399,0.409405,6.539107
0.023203,0.480482,7.107725
0.028776,0.557246,7.676343
0.035144,0.636852,7.960652
0.042309,0.716459,7.960652
0.050270,0.796065,7.960652
0.059026,0.875672,7.960652
0.068579,0.955278,7.960652
0.078928,1.034885,7.960652
0.090073,1.114491,7.960652
0.102014,1.194098,7.960652
0.114751,1.273704,7.960652
0.128284,1.353311,7.960652
0.142613,1.432917,7.960652
0.157738,1.512524,7.960652
0.173660,1.592130,7.960652
0.190377,1.671737,7.960652
0.207890,1.751343,7.960652
0.226200,1.830950,7.960652
0.245306,1.910556,7.960652
0.265207,1.990163,7.960652
0.285905,2.069769,7.960652
0.307399,2.149376,7.960652
0.329688,2.228982,7.960652
0.352774,2.308589,7.960652
0.376656,2.388196,7.960652
0.401334,2.467802,7.960652
0.426808,2.547409,7.960652
0.453079,2.627015,7.960652
0.480145,2.706622,7.960652
0.508007,2.786228,7.960652
0.536665,2.865835,7.960652
0.566120,2.945441,7.960652
0.596370,3.025048,7.960652
0.627417,3.104654,7.960652
0.659259,3.184261,7.960652
0.691898,3.263867,7.960652
0.725333,3.343474,7.960652
0.759564,3.423080,7.960652
0.794590,3.502687,7.960652
0.830413,3.582293,7.960652
0.867032,3.661900,7.960652
0.904447,3.741506,7.960652
0.942659,3.821113,7.960652
0.981666,3.900719,7.960652
1.021469,3.980326,7.960652
1.062068,4.059932,7.960652
1.103464,4.139539,7.960652
1.145655,4.219145,7.960652
1.188643,4.298752,7.960652
1.232426,4.378358,7.960652
1.277006,4.457965,7.960652
1.322382,4.537572,7.960652
1.368553,4.617178,7.960652
1.415521,4.696785,7.960652
1.463285,4.776391,7.960652
1.511845,4.855998,7.960652
1.561201,4.935604,7.960652
1.611353,5.015211,7.960652
1.662302,5.094817,7.960652
1.714046,5.174424,7.960652
1.766586,5.254030,7.960652
1.819922,5.333637,7.960652
1.874055,5.413243,7.960652
1.928983,5.492850,7.960652
1.984708,5.572456,7.960652
2.041229,5.652063,7.960652
2.098545,5.731669,7.960652
2.156658,5.811276,7.960652
2.215567,5.890882,7.960652
2.275272,5.970489,7.960652
2.335773,6.050095,7.960652
2.397070,6.129702,7.960652
2.459163,6.209308,7.960652
2.522052,6.288915,7.960652
2.585737,6.368521,7.960652
2.650218,6.448128,7.960652
2.715496,6.527734,7.960652
2.781569,6.607341,7.960652
2.848439,6.686947,7.960652
2.916104,6.766554,7.960652
2.984566,6.846161,7.960652
3.053823,6.925767,7.960652
3.123877,7.005374,7.960652
3.194727,7.084980,7.960652
3.266373,7.164587,7.960652
3.338815,7.244193,7.960652
3.412053,7.323800,7.960652
3.486087,7.403406,7.960652
3.560917,7.483013,7.960652
3.636543,7.562619,7.960652
3.712965,7.642226,7.960652
3.790184,7.721832,7.960652
3.868198,7.801439,7.960652
3.947009,7.881045,7.960652
4.026615,7.960652,7.960652
4.107018,8.040258,7.960652
4.188216,8.119865,7.960652
4.270211,8.199471,7.960652
4.353002,8.279078,7.960652
4.436589,8.358684,7.960652
4.520972,8.438291,7.960652
4.606151,8.517897,7.960652
4.692126,8.597504,7.960652
4.778897,8.677110,7.960652
4.866464,8.756717,7.960652
4.954827,8.836323,7.960652
5.043986,8.915930,7.960652
5.133942,8.995536,7.960652
5.224693,9.075143,7.960652
5.316241,9.154750,7.960652
5.408584,9.234356,7.960652
5.501724,9.313963,7.960652
5.595660,9.393569,7.960652
5.690391,9.473176,7.960652
5.785919,9.552782,7.960652
5.882243,9.632389,7.960652
5.979363,9.711995,7.960652
6.077279,9.791602,7.960652
6.175991,9.871208,7.960652
6.275499,9.950815,7.960652
6.375803,10.030421,7.960652
6.476904,10.110028,7.960652
6.578800,10.189634,7.960652
6.681464,10.266398,7.676343
6.784839,10.337475,7.107725
6.888867,10.402866,6.539107
6.993493,10.462571,5.970489
7.098659,10.516590,5.401871
7.204308,10.564922,4.833253
7.310384,10.607568,4.264635
7.416829,10.644529,3.696017
7.523587,10.675803,3.127399
7.630601,10.701390,2.558781
7.737814,10.721292,1.990163
7.845169,10.735508,1.421545
7.952600,10.743097,0.758915
8.060012,10.741216,-0.188024
8.167320,10.730807,-1.040951
8.274467,10.714711,-1.609569
8.381397,10.692929,-2.178187
8.488051,10.665461,-2.746805
8.594374,10.632307,-3.315423
8.700309,10.593467,-3.884041
8.805799,10.548940,-4.452659
8.910786,10.498727,-5.021277
9.015214,10.442828,-5.589895
9.119027,10.381243,-6.158513
9.222166,10.313972,-6.727131
9.324576,10.241014,-7.295749
9.426209,10.163311,-7.770355
9.527047,10.083704,-7.960652
9.627088,10.004098,-7.960652
9.726332,9.924491,-7.960652
9.824781,9.844885,-7.960652
9.922434,9.765278,-7.960652
10.019291,9.685672,-7.960652
10.115351,9.606065,-7.960652
10.210616,9.526459,-7.960652
10.305085,9.446852,-7.960652
10.398757,9.367246,-7.960652
10.491633,9.287639,-7.960652
10.583714,9.208033,-7.960652
10.674998,9.128426,-7.960652
10.765486,9.048820,-7.960652
10.855178,8.969213,-7.960652
10.944074,8.889607,-7.960652
11.026723,8.264904,-62.470250
11.098909,7.218581,-104.632314
11.169758,7.084913,-13.366791
11.239250,6.949176,-13.573738
11.307364,6.811372,-13.780344
11.374079,6.671527,-13.984535
11.439376,6.529689,-14.183826
11.503235,6.385936,-14.375285
11.565639,6.240381,-14.555494
11.626571,6.093176,-14.720523
11.686016,5.944517,-14.865906
11.743963,5.794650,-14.986654
11.800401,5.643877,-15.077270
11.855327,5.492559,-15.131817
11.908738,5.341119,-15.144008
11.960639,5.190046,-15.107345
12.011038,5.039892,-15.015320
12.059950,4.891276,-14.861644
12.107399,4.744870,-14.640552
12.153413,4.601399,-14.347134
12.198029,4.461622,-13.977700
12.241292,4.326321,-13.530155
12.283255,4.196277,-13.004349
12.323978,4.072253,-12.402378
12.363527,3.954965,-11.728792
12.401978,3.845059,-10.990683
12.439409,3.743082,-10.197621
12.475903,3.649468,-9.361423
12.511549,3.564510,-8.495765
12.546432,3.488354,-7.615643
12.580642,3.420987,-6.736730
12.614264,3.362240,-5.874673
12.647382,3.311796,-5.044396
12.680074,3.269201,-4.259456
12.712413,3.233886,-3.531511
12.744465,3.205187,-2.869939
12.776289,3.182371,-2.281611
12.807935,3.164662,-1.770837
12.839448,3.151268,-1.339464
12.870862,3.141397,-0.987087
12.902205,3.134283,-0.711362
12.933497,3.129200,-0.508360
12.964752,3.125470,-0.372947
12.995976,3.122479,-0.299153
13.027173,3.119674,-0.280509
13.058339,3.116570,-0.310345
13.089466,3.112750,-0.382031
13.120545,3.107858,-0.489167
13.151561,3.101601,-0.625724
13.182498,3.093740,-0.786140
13.213339,3.084086,-0.965371
13.244064,3.072497,-1.158922
13.274653,3.058868,-1.362839
13.305084,3.043131,-1.573697
13.335337,3.025246,-1.788567
13.365389,3.005196,-2.004973
13.395218,2.982987,-2.220859
13.424805,2.958642,-2.434532
13.454127,2.932196,-2.644629
13.483164,2.903695,-2.850064
13.511896,2.873195,-3.050004
13.540303,2.840757,-3.243814
13.568368,2.806446,-3.431041
13.596071,2.770333,-3.611378
13.623396,2.732486,-3.784635
13.650326,2.692979,-3.950731
13.676845,2.651882,-4.109655
13.702937,2.609268,-4.261469
13.728589,2.565205,-4.406285
13.753787,2.519762,-4.544249
13.778517,2.473007,-4.675545
13.802767,2.425003,-4.800373
13.826525,2.375814,-4.918953
13.849780,2.325499,-5.031508
13.872521,2.274116,-5.138275
13.894738,2.221721,-5.239487
13.916422,2.168367,-5.335376
13.937563,2.114106,-5.426174
13.958153,2.058984,-5.512109
13.978184,2.003051,-5.593395
13.997647,1.946348,-5.670247
14.016536,1.888919,-5.742871
14.034844,1.830805,-5.811457
14.052565,1.772043,-5.876198
14.069691,1.712670,-5.937266
14.086219,1.652722,-5.994834
14.102141,1.592231,-6.049058
14.117453,1.531230,-6.100095
14.132151,1.469749,-6.148080
14.146229,1.407818,-6.193153
14.159684,1.345464,-6.235437
14.172511,1.282713,-6.275051
14.184707,1.219592,-6.312105
14.196268,1.156125,-6.346702
14.207191,1.092336,-6.378937
14.217474,1.028247,-6.408903
14.227112,0.963880,-6.436677
14.236105,0.899256,-6.462339
14.244449,0.834397,-6.485960
14.252142,0.769321,-6.507601
14.259183,0.704048,-6.527323
14.265569,0.638596,-6.545180
14.271298,0.572984,-6.561219
14.276371,0.507229,-6.575484
14.280792,0.442130,-6.509841
14.284593,0.380072,-6.205836
14.287819,0.322659,-5.741342
14.290518,0.269911,-5.274783
14.292737,0.221846,-4.806493
14.294522,0.178478,-4.336778
14.295920,0.139819,-3.865910
14.296979,0.105878,-3.394127
14.297745,0.076661,-2.921642
14.298267,0.052175,-2.448638
14.298591,0.032422,-1.975265
14.298765,0.017406,-1.501654
14.298837,0.007127,-1.027902
14.298852,0.001586,-0.554081
14.298852,0.000000,-0.158581