0.000028,0.005686,0.568618
0.000061,0.003215,-0.247073
0.000316,0.025588,2.237236
0.000771,0.045489,1.990163
0.001482,0.071077,2.558781
0.002506,0.102351,3.127399
0.003899,0.139311,3.696017
0.005718,0.181958,4.264635
0.008021,0.230290,4.833253
0.010864,0.284309,5.401871
0.014304,0.344014,5.970489
0.018399,0.409405,6.539107
0.023203,0.480482,7.107725
0.028776,0.557246,7.676343
0.035144,0.636852,7.960652
0.042309,0.716459,7.960652
0.050270,0.796065,7.960652
0.059026,0.875672,7.960652
0.068579,0.955278,7.960652
0.078928,1.034885,7.960652
0.090073,1.114491,7.960652
0.102014,1.194098,7.960652
0.114751,1.273704,7.960652
0.128284,1.353311,7.960652
0.142613,1.432917,7.960652
0.157738,1.512524,7.960652
0.173660,1.592130,7.960652
0.190377,1.671737,7.960652
0.207890,1.751343,7.960652
0.226200,1.830950,7.960652
0.245306,1.910556,7.960652
0.265207,1.990163,7.960652
0.285905,2.069769,7.960652
0.307399,2.149376,7.960652
0.329688,2.228982,7.960652
0.352774,2.308589,7.960652
0.376656,2.388196,7.960652
0.401334,2.467802,7.960652
0.426808,2.547409,7.960652
0.453079,2.627015,7.960652
0.480145,2.706622,7.960652
0.508007,2.786228,7.960652
0.536665,2.865835,7.960652
0.566120,2.945441,7.960652
0.596370,3.025048,7.960652
0.627417,3.104654,7.960652
0.659259,3.184261,7.960652
0.691898,3.263867,7.960652
0.725333,3.343474,7.960652
0.759564,3.423080,7.960652
0.794590,3.502687,7.960652
0.830413,3.582293,7.960652
0.867032,3.661900,7.960652
0.904447,3.741506,7.960652
0.942659,3.821113,7.960652
0.981666,3.900719,7.960652
1.021469,3.980326,7.960652
1.062068,4.059932,7.960652
1.103464,4.139539,7.960652
1.145655,4.219145,7.960652
1.188643,4.298752,7.960652
1.232426,4.378358,7.960652
1.277006,4.457965,7.960652
1.322382,4.537572,7.960652
1.368553,4.617178,7.960652
1.415521,4.696785,7.960652
1.463285,4.776391,7.960652
1.511845,4.855998,7.960652
1.561201,4.935604,7.960652
1.611353,5.015211,7.960652
1.662302,5.094817,7.960652
1.714046,5.174424,7.960652
1.766586,5.254030,7.960652
1.819922,5.333637,7.960652
1.874055,5.413243,7.960652
1.928983,5.492850,7.960652
1.984708,5.572456,7.960652
2.041229,5.652063,7.960652
2.098545,5.731669,7.960652
2.156658,5.811276,7.960652
2.215567,5.890882,7.960652
2.275272,5.970489,7.960652
2.335773,6.050095,7.960652
2.397070,6.129702,7.960652
2.459163,6.209308,7.960652
2.522052,6.288915,7.960652
2.585737,6.368521,7.960652
2.650218,6.448128,7.960652
2.715496,6.527734,7.960652
2.781569,6.607341,7.960652
2.848439,6.686947,7.960652
2.916104,6.766554,7.960652
2.984566,6.846161,7.960652
3.053823,6.925767,7.960652
3.123877,7.005374,7.960652
3.194727,7.084980,7.960652
3.266373,7.164587,7.960652
3.338815,7.244193,7.960652
3.412053,7.323800,7.960652
3.486087,7.403406,7.960652
3.560917,7.483013,7.960652
3.636543,7.562619,7.960652
3.712965,7.642226,7.960652
3.790184,7.721832,7.960652
3.868198,7.801439,7.960652
3.947009,7.881045,7.960652
4.026615,7.960652,7.960652
4.107018,8.040258,7.960652
4.188216,8.119865,7.960652
4.270211,8.199471,7.960652
4.353002,8.279078,7.960652
4.436589,8.358684,7.960652
4.520972,8.438291,7.960652
4.606151,8.517897,7.960652
4.692126,8.597504,7.960652
4.778897,8.677110,7.960652
4.866464,8.756717,7.960652
4.954827,8.836323,7.960652
5.043986,8.915930,7.960652
5.133942,8.995536,7.960652
5.224693,9.075143,7.960652
5.316241,9.154750,7.960652
5.408584,9.234356,7.960652
5.501724,9.313963,7.960652
5.595660,9.393569,7.960652
5.690391,9.473176,7.960652
5.785919,9.552782,7.960652
5.882243,9.632389,7.960652
5.979363,9.711995,7.960652
6.077279,9.791602,7.960652
6.175991,9.871208,7.960652
6.275499,9.950815,7.960652
6.375803,10.030421,7.960652
6.476904,10.110028,7.960652
6.578800,10.189634,7.960652
6.681464,10.266398,7.676343
6.784839,10.337475,7.107725
6.888867,10.402866,6.539107
6.993493,10.462571,5.970489
7.098659,10.516590,5.401871
7.204308,10.564922,4.833253
7.310384,10.607568,4.264635
7.416829,10.644529,3.696017
7.523587,10.675803,3.127399
7.630601,10.701390,2.558781
7.737814,10.721292,1.990163
7.845169,10.735508,1.421545
7.952600,10.743097,0.758915
8.060012,10.741216,-0.188024
8.167320,10.730807,-1.040951
8.274467,10.714711,-1.609569
8.381397,10.692929,-2.178187
8.488051,10.665461,-2.746805
8.594374,10.632307,-3.315423
8.700309,10.593467,-3.884041
8.805799,10.548940,-4.452659
8.910786,10.498727,-5.021277
9.015214,10.442828,-5.589895
9.119027,10.381243,-6.158513
9.222166,10.313972,-6.727131
9.324576,10.241014,-7.295749
9.426209,10.163311,-7.770355
9.527047,10.083704,-7.960652
9.627088,10.004098,-7.960652
9.726332,9.924491,-7.960652
9.824781,9.844885,-7.960652
9.922434,9.765278,-7.960652
10.019291,9.685672,-7.960652
10.115351,9.606065,-7.960652
10.210616,9.526459,-7.960652
10.305085,9.446852,-7.960652
10.398757,9.367246,-7.960652
10.491633,9.287639,-7.960652
10.583714,9.208033,-7.960652
10.674998,9.128426,-7.960652
10.765486,9.048820,-7.960652
10.855178,8.969213,-7.960652
10.944074,8.889607,-7.960652
11.037505,9.343074,45.346707
11.139926,10.242040,89.896624
11.242090,10.216484,-2.555560
11.344020,10.192998,-2.348681
11.445736,10.171576,-2.142144
11.547258,10.152196,-1.938026
11.648606,10.134808,-1.738808
11.749799,10.119334,-1.547422
11.850856,10.105661,-1.367283
11.951792,10.093637,-1.202327
12.052623,10.083067,-1.057008
12.153360,10.073704,-0.936322
12.254013,10.065247,-0.845756
12.354586,10.057334,-0.791250
12.455081,10.049543,-0.779087
12.555495,10.041386,-0.815757
12.655818,10.032308,-0.907774
12.756035,10.021694,-1.061417
12.856124,10.008869,-1.282449
12.956055,9.993111,-1.575780
13.055792,9.973661,-1.945094
13.155289,9.949736,-2.392489
13.254495,9.920554,-2.918114
13.353348,9.885356,-3.519872
13.451782,9.843424,-4.193219
13.549724,9.794113,-4.931065
13.647092,9.736874,-5.723846
13.743805,9.671277,-6.559752
13.839775,9.597026,-7.425114
13.934915,9.513976,-8.304944
14.029136,9.422141,-9.183577
14.122353,9.321687,-10.045374
14.214483,9.212933,-10.875416
14.305446,9.096331,-11.660152
14.395170,8.972452,-12.387926
14.483590,8.841958,-13.049364
14.570646,8.705582,-13.637596
14.656287,8.564099,-14.148308
14.740470,8.418303,-14.579654
14.823160,8.268982,-14.932033
14.904329,8.116904,-15.207787
14.983957,7.962796,-15.410842
15.062030,7.807333,-15.546324
15.138541,7.651131,-15.620203
15.213489,7.494741,-15.638942
15.286875,7.338649,-15.609208
15.358708,7.183273,-15.537629
15.428998,7.028967,-15.430601
15.497758,6.876025,-15.294151
15.565005,6.724687,-15.133841
15.630756,6.575140,-14.954711
15.695031,6.427527,-14.761258
15.757851,6.281953,-14.557434
15.819236,6.138486,-14.346661
15.879208,5.997168,-14.131875
15.937788,5.858012,-13.915542
15.994998,5.721015,-13.699728
16.050859,5.586154,-13.486119
16.105393,5.453393,-13.276084
16.158620,5.322686,-13.070700
16.210560,5.193978,-12.870813
16.261232,5.067207,-12.677046
16.310655,4.942309,-12.489860
16.358847,4.819213,-12.309564
16.405826,4.697850,-12.136337
16.451607,4.578147,-11.970276
16.496208,4.460033,-11.811379
16.539642,4.343437,-11.659589
16.581925,4.228289,-11.514800
16.623070,4.114521,-11.376854
16.663091,4.002065,-11.245578
16.701999,3.890857,-11.120766
16.739808,3.780835,-11.002205
16.776527,3.671939,-10.889661
16.812168,3.564110,-10.782908
16.846741,3.457293,-10.681709
16.880255,3.351434,-10.585829
16.912720,3.246484,-10.495039
16.944144,3.142393,-10.409116
16.974535,3.039114,-10.327837
17.003901,2.936604,-10.250990
17.032249,2.834821,-10.178376
17.059587,2.733723,-10.109792
17.085919,2.633272,-10.045060
17.111254,2.533432,-9.983994
17.135595,2.434168,-9.926433
17.158950,2.335446,-9.872209
17.181322,2.237234,-9.821181
17.202717,2.139502,-9.773195
17.223139,2.042221,-9.728127
17.242593,1.945362,-9.685845
17.261082,1.848900,-9.646234
17.278610,1.752808,-9.609183
17.295181,1.657062,-9.574587
17.310797,1.561639,-9.542352
17.325462,1.466515,-9.512391
17.339179,1.371669,-9.484616
17.351950,1.277079,-9.458956
17.363777,1.182726,-9.435338
17.374663,1.088589,-9.413697
17.384609,0.994649,-9.393976
17.393618,0.900888,-9.376119
17.401691,0.807287,-9.360082
17.408829,0.713829,-9.345817
17.415045,0.621594,-9.223437
17.420384,0.533886,-8.770800
17.424913,0.452906,-8.098058
17.428700,0.378632,-7.427383
17.431810,0.311048,-6.758437
17.434311,0.250139,-6.090915
17.436270,0.195893,-5.424548
17.437753,0.148302,-4.759095
17.438827,0.107359,-4.094343
17.439558,0.073058,-3.430114
17.440012,0.045395,-2.766248
17.440255,0.024369,-2.102624
17.440355,0.009977,-1.439140
17.440377,0.002220,-0.775724
17.440377,0.000000,-0.222014