0.000029,0.005701,0.570058
0.000101,0.007251,0.155088
0.000358,0.025653,1.840117
0.000814,0.045605,1.995204
0.001526,0.071257,2.565263
0.002552,0.102611,3.135321
0.003949,0.139664,3.705380
0.005773,0.182419,4.275438
0.008082,0.230874,4.845497
0.010932,0.285029,5.415555
0.014381,0.344885,5.985613
0.018485,0.410442,6.555672
0.023302,0.481699,7.125730
0.028889,0.558657,7.695789
0.035274,0.638465,7.980818
0.042456,0.718274,7.980818
0.050437,0.798082,7.980818
0.059216,0.877890,7.980818
0.068793,0.957698,7.980818
0.079168,1.037506,7.980818
0.090341,1.117314,7.980818
0.102312,1.197123,7.980818
0.115082,1.276931,7.980818
0.128649,1.356739,7.980818
0.143015,1.436547,7.980818
0.158178,1.516355,7.980818
0.174140,1.596164,7.980818
0.190900,1.675972,7.980818
0.208457,1.755780,7.980818
0.226813,1.835588,7.980818
0.245967,1.915396,7.980818
0.265919,1.995204,7.980818
0.286669,2.075013,7.980818
0.308218,2.154821,7.980818
0.330564,2.234629,7.980818
0.353708,2.314437,7.980818
0.377651,2.394245,7.980818
0.402391,2.474054,7.980818
0.427930,2.553862,7.980818
0.454267,2.633670,7.980818
0.481401,2.713478,7.980818
0.509334,2.793286,7.980818
0.538065,2.873094,7.980818
0.567594,2.952903,7.980818
0.597921,3.032711,7.980818
0.629046,3.112519,7.980818
0.660970,3.192327,7.980818
0.693691,3.272135,7.980818
0.727211,3.351943,7.980818
0.761528,3.431752,7.980818
0.796644,3.511560,7.980818
0.832557,3.591368,7.980818
0.869269,3.671176,7.980818
0.906779,3.750984,7.980818
0.945087,3.830793,7.980818
0.984193,3.910601,7.980818
1.024097,3.990409,7.980818
1.064799,4.070217,7.980818
1.106299,4.150025,7.980818
1.148598,4.229833,7.980818
1.191694,4.309642,7.980818
1.235589,4.389450,7.980818
1.280281,4.469258,7.980818
1.325772,4.549066,7.980818
1.372061,4.628874,7.980818
1.419147,4.708682,7.980818
1.467032,4.788491,7.980818
1.515715,4.868299,7.980818
1.565196,4.948107,7.980818
1.615476,5.027915,7.980818
1.666553,5.107723,7.980818
1.718428,5.187532,7.980818
1.771101,5.267340,7.980818
1.824573,5.347148,7.980818
1.878843,5.426956,7.980818
1.933910,5.506764,7.980818
1.989776,5.586572,7.980818
2.046440,5.666381,7.980818
2.103902,5.746189,7.980818
2.162162,5.825997,7.980818
2.221220,5.905805,7.980818
2.281076,5.985613,7.980818
2.341730,6.065422,7.980818
2.403182,6.145230,7.980818
2.465433,6.225038,7.980818
2.528481,6.304846,7.980818
2.592328,6.384654,7.980818
2.656972,6.464462,7.980818
2.722415,6.544271,7.980818
2.788656,6.624079,7.980818
2.855695,6.703887,7.980818
2.923532,6.783695,7.980818
2.992167,6.863503,7.980818
3.061600,6.943311,7.980818
3.131831,7.023120,7.980818
3.202860,7.102928,7.980818
3.274688,7.182736,7.980818
3.347313,7.262544,7.980818
3.420737,7.342352,7.980818
3.494958,7.422161,7.980818
3.569978,7.501969,7.980818
3.645796,7.581777,7.980818
3.722411,7.661585,7.980818
3.799825,7.741393,7.980818
3.878037,7.821201,7.980818
3.957047,7.901010,7.980818
4.036856,7.980818,7.980818
4.117462,8.060626,7.980818
4.198866,8.140434,7.980818
4.281069,8.220242,7.980818
4.364069,8.300050,7.980818
4.447868,8.379859,7.980818
4.532464,8.459667,7.980818
4.617859,8.539475,7.980818
4.704052,8.619283,7.980818
4.791043,8.699091,7.980818
4.878832,8.778900,7.980818
4.967419,8.858708,7.980818
5.056804,8.938516,7.980818
5.146987,9.018324,7.980818
5.237969,9.098132,7.980818
5.329748,9.177940,7.980818
5.422326,9.257749,7.980818
5.515701,9.337557,7.980818
5.609875,9.417365,7.980818
5.704847,9.497173,7.980818
5.800616,9.576981,7.980818
5.897184,9.656790,7.980818
5.994550,9.736598,7.980818
6.092714,9.816406,7.980818
6.191676,9.896214,7.980818
6.291437,9.976022,7.980818
6.391995,10.055830,7.980818
6.493351,10.135639,7.980818
6.595506,10.215447,7.980818
6.698458,10.295255,7.980818
6.802209,10.375063,7.980818
6.906758,10.454871,7.980818
7.012334,10.557596,10.272464
7.120979,10.864528,30.693162
7.229910,10.893069,2.854132
7.339121,10.921123,2.805437
7.448606,10.948519,2.739615
7.558357,10.975076,2.655617
7.668363,11.000598,2.552260
7.778583,11.022055,2.145648
7.888948,11.036470,1.441525
7.999385,11.043724,0.725433
8.109822,11.043685,-0.003886
8.220184,11.036209,-0.747685
8.330396,11.021136,-1.507205
8.440379,10.998300,-2.283670
8.550054,10.967517,-3.078281
8.659340,10.928595,-3.892188
8.768153,10.881330,-4.726477
8.876408,10.825509,-5.582127
8.984017,10.760909,-6.459970
9.090890,10.687266,-7.364383
9.196907,10.601746,-8.551914
9.301950,10.504250,-9.749621
9.405922,10.397209,-10.704105
9.508726,10.280427,-11.678248
9.610263,10.153729,-12.669755
9.710433,10.016977,-13.675257
9.809134,9.870076,-14.690063
9.906264,9.712997,-15.707875
10.001722,9.545792,-16.720490
10.095408,9.368617,-17.717478
10.187226,9.181758,-18.685898
10.277082,8.985658,-19.610035
10.364892,8.780945,-20.471275
10.450577,8.568496,-21.244968
10.534092,8.351548,-21.694735
10.615426,8.133365,-21.818368
10.694578,7.915222,-21.814281
10.771565,7.698667,-21.655456
10.846420,7.485515,-21.315224
10.919198,7.277823,-20.769202
10.989977,7.077846,-19.997677
11.058856,6.887964,-18.988229
11.125962,6.710581,-17.738346
11.191442,6.548004,-16.257628
11.255465,6.402313,-14.569141
11.318217,6.275218,-12.709520
11.379897,6.167942,-10.727565
11.440708,6.081129,-8.681308
11.500856,6.014791,-6.633826
11.560539,5.968307,-4.648342
11.619944,5.940474,-2.783302
11.679240,5.929593,-1.088141
11.738576,5.933590,0.399720
11.798077,5.950154,1.656358
11.857846,5.976867,2.671319
11.917959,6.011330,3.446318
11.978472,6.051261,3.993081
12.039417,6.094568,4.330745
12.100811,6.139400,4.483224
12.162653,6.184169,4.476835
12.224929,6.227552,4.338326
12.287613,6.268486,4.093404
12.350675,6.306144,3.765748
12.414074,6.339908,3.376405
12.477767,6.369343,2.943568
12.541709,6.394169,2.482532
12.605851,6.414227,2.005875
12.670146,6.429464,1.523694
12.734545,6.439903,1.043911
12.799001,6.445629,0.572589
12.863469,6.446771,0.114214
12.927904,6.443491,-0.328000
12.992264,6.435973,-0.751878
13.056508,6.424412,-1.156078
13.120598,6.409013,-1.539900
13.184498,6.389982,-1.903135
13.248173,6.367522,-2.245951
13.311591,6.341834,-2.568798
13.374722,6.313111,-2.872312
13.437538,6.281538,-3.157270
13.500011,6.247293,-3.424529
13.562116,6.210543,-3.674993
13.623831,6.171447,-3.909604
13.685132,6.130154,-4.129276
13.746000,6.086805,-4.334934
13.806415,6.041530,-4.527447
13.866360,5.994454,-4.707678
13.925817,5.945689,-4.876435
13.979508,5.369079,-57.661027
14.030095,5.058699,-31.038039
14.079742,4.964705,-9.399403
14.128460,4.871828,-9.287687
14.176261,4.780143,-9.168463
14.223159,4.689722,-9.042062
14.269165,4.600633,-8.908899
14.314294,4.512939,-8.769473
14.358561,4.426695,-8.624358
14.401981,4.341953,-8.474206
14.444568,4.258756,-8.319733
14.486340,4.177139,-8.161717
14.527311,4.097129,-8.000984
14.567499,4.018745,-7.838401
14.606919,3.941996,-7.674859
14.645587,3.866884,-7.511265
14.683521,3.793398,-7.348528
14.720737,3.721523,-7.187543
14.757249,3.651231,-7.029180
14.793074,3.582488,-6.874274
14.828226,3.515252,-6.723609
14.862721,3.449473,-6.577911
14.896572,3.385095,-6.437841
14.929793,3.322055,-6.303984
14.962395,3.260286,-6.176846
14.994393,3.199718,-6.056852
15.025795,3.140274,-5.944340
15.056614,3.081879,-5.839567
15.086859,3.024452,-5.742705
15.116538,2.967913,-5.653848
15.145660,2.912183,-5.573013
15.174231,2.857182,-5.500148
15.202260,2.802830,-5.435137
15.229750,2.749052,-5.377805
15.256708,2.695773,-5.327927
15.283137,2.642921,-5.285233
15.309041,2.590426,-5.249419
15.334424,2.538225,-5.220147
15.359286,2.486254,-5.197059
15.383631,2.434457,-5.179779
15.407459,2.382777,-5.167918
15.430770,2.331167,-5.161084
15.453566,2.279578,-5.158881
15.475846,2.227969,-5.160915
15.497609,2.176301,-5.166801
15.518854,2.124539,-5.176161
15.539581,2.072653,-5.188630
15.559787,2.020614,-5.203854
15.579471,1.968399,-5.221498
15.598631,1.915987,-5.241241
15.617264,1.863359,-5.262779
15.635369,1.810501,-5.285827
15.652943,1.757399,-5.310117
15.669984,1.704045,-5.335399
15.686488,1.650431,-5.361439
15.702453,1.596551,-5.388023
15.717877,1.542401,-5.414951
15.732757,1.487981,-5.442041
15.747090,1.433290,-5.469124
15.760873,1.378329,-5.496047
15.774104,1.323103,-5.522669
15.786781,1.267614,-5.548865
15.798899,1.211869,-5.574519
15.810458,1.155873,-5.599526
15.821454,1.099636,-5.623794
15.831886,1.043163,-5.647237
15.841751,0.986465,-5.669782
15.851046,0.929552,-5.691359
15.859771,0.872433,-5.711911
15.867922,0.815119,-5.731383
15.875498,0.757622,-5.749728
15.882497,0.699952,-5.766905
15.888919,0.642124,-5.782877
15.894760,0.584148,-5.797613
15.900021,0.526037,-5.811084
15.904699,0.467804,-5.823268
15.908794,0.409493,-5.831138
15.912326,0.353211,-5.628183
15.915336,0.301041,-5.216981
15.917866,0.253001,-4.803971
15.919957,0.209107,-4.389426
15.921651,0.169371,-3.973595
15.922989,0.133804,-3.556709
15.924013,0.102414,-3.138976
15.924765,0.075208,-2.720581
15.925287,0.052192,-2.301688
15.925621,0.033367,-1.882438
15.925808,0.018738,-1.462948
15.925891,0.008305,-1.043310
15.925912,0.002069,-0.623597
15.925912,0.000000,-0.206864