-0.000029,-0.005835,-0.583504
-0.000085,-0.005610,0.022485
-0.000341,-0.025559,-1.994856
-0.000795,-0.045439,-1.987983
-0.001505,-0.071000,-2.556127
-0.002528,-0.102244,-3.124437
-0.003919,-0.139174,-3.692994
-0.005737,-0.181793,-4.261894
-0.008038,-0.230106,-4.831251
-0.010880,-0.284118,-5.401193
-0.014318,-0.343836,-5.971864
-0.018411,-0.409270,-6.543424
-0.023215,-0.480431,-7.116048
-0.028788,-0.557330,-7.689928
-0.035188,-0.639983,-8.265266
-0.042472,-0.728406,-8.842284
-0.050698,-0.822618,-9.421215
-0.059896,-0.919793,-9.717476
-0.070067,-1.017099,-9.730610
-0.081213,-1.114550,-9.745091
-0.093334,-1.212159,-9.760909
-0.106434,-1.309939,-9.778054
-0.120513,-1.407904,-9.796517
-0.135573,-1.506067,-9.816288
-0.151618,-1.604441,-9.837356
-0.168648,-1.703038,-9.859714
-0.186667,-1.801871,-9.883353
-0.205676,-1.900954,-9.908264
-0.225679,-2.000299,-9.934444
-0.246679,-2.099917,-9.961885
-0.268677,-2.199823,-9.990584
-0.291677,-2.300029,-10.020542
-0.315683,-2.400546,-10.051759
-0.340697,-2.501389,-10.084237
-0.366722,-2.602569,-10.117985
-0.393763,-2.704099,-10.153011
-0.421823,-2.805992,-10.189329
-0.450906,-2.908261,-10.226956
-0.481015,-3.010921,-10.265913
-0.512155,-3.113983,-10.306227
-0.544329,-3.217462,-10.347929
-0.577543,-3.321373,-10.391057
-0.611800,-3.425729,-10.435652
-0.647106,-3.530547,-10.481765
-0.683464,-3.635841,-10.529452
-0.720881,-3.741629,-10.578778
-0.759360,-3.847927,-10.629815
-0.798907,-3.954754,-10.682645
-0.839529,-4.062127,-10.737359
-0.881229,-4.170068,-10.794059
-0.924015,-4.278597,-10.852856
-0.967893,-4.387735,-10.913876
-1.012868,-4.497508,-10.977256
-1.058947,-4.607939,-11.043148
-1.106138,-4.719057,-11.111718
-1.154447,-4.830888,-11.183148
-1.203881,-4.943464,-11.257640
-1.254449,-5.056819,-11.335412
-1.306159,-5.170986,-11.416703
-1.359019,-5.286003,-11.501777
-1.413038,-5.401912,-11.590917
-1.468226,-5.518757,-11.684436
-1.524592,-5.636584,-11.782671
-1.582146,-5.755443,-11.885992
-1.640900,-5.875391,-11.994800
-1.700865,-5.996487,-12.109533
-1.762053,-6.118793,-12.230662
-1.824477,-6.242380,-12.358704
-1.888150,-6.367323,-12.494215
-1.953087,-6.493701,-12.637798
-2.019303,-6.621602,-12.790107
-2.086814,-6.751120,-12.951848
-2.155638,-6.882358,-13.123781
-2.225792,-7.015425,-13.306723
-2.297296,-7.150441,-13.501552
-2.370172,-7.287533,-13.709205
-2.444440,-7.426840,-13.930681
-2.520125,-7.568510,-14.167037
-2.597252,-7.712704,-14.419387
-2.675848,-7.859593,-14.688892
-2.755942,-8.009360,-14.976752
-2.837564,-8.162202,-15.284194
-2.920747,-8.318327,-15.612438
-3.005527,-8.477953,-15.962683
-3.091940,-8.641314,-16.336053
-3.179993,-8.805296,-16.398193
-3.269660,-8.966684,-16.138795
-3.360915,-9.125539,-15.885496
-3.453734,-9.281899,-15.636062
-3.548092,-9.435775,-15.387565
-3.643963,-9.587138,-15.136305
-3.741322,-9.735915,-14.877653
-3.840142,-9.881974,-14.605968
-3.940393,-10.025119,-14.314461
-4.042044,-10.165070,-13.995128
-4.145058,-10.301457,-13.638699
-4.249397,-10.433804,-13.234640
-4.355012,-10.561516,-12.771264
-4.461850,-10.683875,-12.235916
-4.569851,-10.800028,-11.615309
-4.678940,-10.908924,-10.889561
-4.788996,-11.005618,-9.669378
-4.899884,-11.088812,-8.319369
-5.011494,-11.160952,-7.214030
-5.123700,-11.220674,-5.972186
-5.236367,-11.266602,-4.592825
-5.349341,-11.297402,-3.080004
-5.462459,-11.311836,-1.443394
-5.575547,-11.308820,0.301558
-5.688422,-11.287481,2.133926
-5.800894,-11.247200,4.028097
-5.912770,-11.187650,5.955019
-6.023859,-11.108812,7.883814
-6.133968,-11.010976,9.783589
-6.242916,-10.894724,11.625228
-6.350524,-10.760893,13.383031
-6.456630,-10.610534,15.035948
-6.561079,-10.444918,16.561570
-6.663772,-10.269341,17.557745
-6.764662,-10.088978,18.036310
-6.863712,-9.904993,18.398492
-6.960897,-9.718475,18.651772
-7.056201,-9.530419,18.805635
-7.149618,-9.341710,18.870818
-7.241149,-9.153124,18.858622
-7.330803,-8.965320,18.780400
-7.418591,-8.778849,18.647101
-7.504533,-8.594160,18.468957
-7.588649,-8.411606,18.255340
-7.670963,-8.231460,18.014586
-7.751503,-8.053920,17.754021
-7.830294,-7.879121,17.479923
-7.907365,-7.707145,17.197624
-7.982745,-7.538029,16.911553
-8.056463,-7.371776,16.625338
-8.128547,-7.208357,16.341901
-8.199024,-7.047721,16.063547
-8.267922,-6.889801,15.792050
-8.335267,-6.734513,15.528746
-8.401085,-6.581767,15.274602
-8.465399,-6.431465,15.030254
-8.528234,-6.283503,14.796129
-8.589612,-6.137779,14.572409
-8.649554,-5.994188,14.359144
-8.708080,-5.852625,14.156253
-8.765210,-5.712990,13.963544
-8.820962,-5.575182,13.780773
-8.875353,-5.439106,13.607624
-8.928400,-5.304668,13.443760
-8.980118,-5.171780,13.288804
-9.030521,-5.040357,13.142375
-9.079624,-4.910316,13.004079
-9.127440,-4.781581,12.873529
-9.173981,-4.654077,12.750347
-9.219258,-4.527736,12.634129
-9.263283,-4.402490,12.524544
-9.306066,-4.278278,12.421212
-9.347616,-4.155040,12.323808
-9.387944,-4.032720,12.231998
-9.427056,-3.911265,12.145498
-9.464963,-3.790625,12.063985
-9.501670,-3.670753,11.987207
-9.537186,-3.551604,11.914896
-9.571517,-3.433136,11.846804
-9.604671,-3.315309,11.782711
-9.636651,-3.198085,11.722385
-9.667466,-3.081429,11.665644
-9.697119,-2.965306,11.612282
-9.725616,-2.849685,11.562127
-9.752961,-2.734535,11.515014
-9.779159,-2.619827,11.470789
-9.804215,-2.505534,11.429310
-9.828131,-2.391629,11.390441
-9.850912,-2.278089,11.354056
-9.872561,-2.164888,11.320042
-9.893081,-2.052005,11.288290
-9.912475,-1.939418,11.258699
-9.930746,-1.827107,11.231182
-9.947896,-1.715050,11.205650
-9.963929,-1.603230,11.182033
-9.978845,-1.491627,11.160242
-9.992647,-1.380225,11.140225
-10.005337,-1.269006,11.121928
-10.016917,-1.157953,11.105278
-10.027387,-1.047051,11.090236
-10.036751,-0.936338,11.071233
-10.045041,-0.829045,10.729304
-10.052325,-0.728342,10.070355
-10.058667,-0.634208,9.413398
-10.064133,-0.546626,8.758159
-10.068789,-0.465582,8.104394
-10.072699,-0.391063,7.451886
-10.075930,-0.323059,6.800436
-10.078546,-0.261560,6.149854
-10.080611,-0.206560,5.499989
-10.082192,-0.158054,4.850697
-10.083352,-0.116035,4.201841
-10.084157,-0.080502,3.553320
-10.084672,-0.051452,2.905033
-10.084960,-0.028882,2.256912
-10.085088,-0.012794,1.608883
-10.085120,-0.003185,0.960900
-10.085120,-0.000000,0.318464