0.000028,0.005696,0.569563
0.000133,0.010439,0.474345
0.000463,0.033019,2.257985
0.001050,0.058704,2.568502
0.001967,0.091734,3.303048
0.003289,0.132118,4.038347
0.005087,0.179866,4.774778
0.007400,0.231321,5.145561
0.010229,0.282826,5.150483
0.013573,0.334391,5.156517
0.017433,0.386028,5.163671
0.021810,0.437748,5.171964
0.026706,0.489562,5.181407
0.032121,0.541482,5.192013
0.038056,0.593520,5.203809
0.044513,0.645688,5.216808
0.051493,0.697998,5.231040
0.058998,0.750464,5.246525
0.067029,0.803097,5.263290
0.075588,0.855910,5.281372
0.084677,0.908918,5.300790
0.094298,0.962134,5.321584
0.104454,1.015572,5.343797
0.115146,1.069246,5.367448
0.126378,1.123172,5.392594
0.138152,1.177365,5.419270
0.150470,1.231840,5.447518
0.163336,1.286614,5.477385
0.176753,1.341703,5.508919
0.190725,1.397125,5.542167
0.205254,1.452897,5.577183
0.220344,1.509037,5.614015
0.236000,1.565564,5.652712
0.252224,1.622498,5.693337
0.269023,1.679857,5.735937
0.286400,1.737663,5.780565
0.304359,1.795935,5.827282
0.322906,1.854697,5.876126
0.342046,1.913968,5.927158
0.361783,1.973772,5.980424
0.382125,2.034132,6.035963
0.403075,2.095070,6.093822
0.424642,2.156611,6.154026
0.446829,2.218777,6.216599
0.469645,2.281592,6.281570
0.493096,2.345082,6.348931
0.517189,2.409268,6.418681
0.541930,2.474176,6.490793
0.567329,2.539828,6.565223
0.593391,2.606248,6.641917
0.620126,2.673455,6.720774
0.647541,2.741472,6.801672
0.675644,2.810317,6.884478
0.704444,2.880007,6.968978
0.733949,2.950556,7.054949
0.764169,3.021977,7.142110
0.795112,3.094278,7.230108
0.826787,3.167464,7.318556
0.859202,3.241534,7.406971
0.892367,3.316482,7.494809
0.926290,3.392296,7.581442
0.960979,3.468958,7.666148
0.996444,3.546439,7.748102
1.032691,3.624703,7.826389
1.069728,3.703702,7.899981
1.107561,3.783380,7.967726
1.146198,3.863663,8.028372
1.185643,3.944469,8.080547
1.225900,4.025696,8.122764
1.266972,4.107231,8.153450
1.308861,4.188940,8.170913
1.351568,4.270674,8.173414
1.395091,4.352266,8.159147
1.439426,4.433528,8.126279
1.484569,4.514259,8.073011
1.530511,4.594234,7.997573
1.577243,4.673217,7.898320
1.624753,4.750955,7.773752
1.673025,4.827181,7.622589
1.722041,4.901619,7.443832
1.771781,4.973987,7.236815
1.822221,5.044000,7.001274
1.873334,5.111374,6.737391
1.925093,5.175832,6.445846
1.977464,5.237111,6.127840
2.030413,5.294962,5.785111
2.083905,5.349161,5.419933
2.137900,5.399512,5.035086
2.192359,5.445850,4.633812
2.247239,5.488048,4.219746
2.302499,5.526016,3.796833
2.358096,5.559708,3.369225
2.413988,5.589120,2.941170
2.470130,5.614289,2.516897
2.526483,5.635294,2.100498
2.583006,5.652252,1.695823
2.639659,5.665316,1.306377
2.696406,5.674668,0.935246
2.753211,5.680519,0.585026
2.810042,5.683097,0.257792
2.866868,5.682647,-0.044933
2.923663,5.679426,-0.322169
2.980400,5.673691,-0.573464
3.037057,5.665702,-0.798862
3.093614,5.655714,-0.998857
3.150053,5.643970,-1.174335
3.206361,5.630705,-1.326520
3.262522,5.616136,-1.456913
3.318527,5.600464,-1.567229
3.374365,5.583870,-1.659343
3.430030,5.566518,-1.735240
3.485516,5.548548,-1.796964
3.540817,5.530082,-1.846587
3.595929,5.511221,-1.886169
3.650849,5.492043,-1.917738
3.705575,5.472611,-1.943270
3.760105,5.452964,-1.964671
3.814436,5.433126,-1.983781
3.868567,5.413103,-2.002353
3.922496,5.392882,-2.022071
3.976221,5.372437,-2.044540
4.029738,5.351724,-2.071300
4.083045,5.330685,-2.103830
4.136137,5.309250,-2.143559
4.189010,5.287331,-2.191876
4.241659,5.264829,-2.250139
4.294075,5.241633,-2.319688
4.346251,5.217614,-2.401858
4.398178,5.192634,-2.497983
4.449843,5.166540,-2.609415
4.501235,5.139165,-2.737522
4.552338,5.110328,-2.883702
4.603136,5.079834,-3.049385
4.653611,5.047474,-3.236034
4.703741,5.013022,-3.445141
4.753504,4.976240,-3.678219
4.802872,4.936872,-3.936787
4.851819,4.894649,-4.222344
4.900312,4.849285,-4.536334
4.948316,4.800484,-4.880090
4.995796,4.747937,-5.254771
5.042709,4.691324,-5.661257
5.089012,4.630324,-6.100036
5.134658,4.564614,-6.571032
5.179597,4.493879,-7.073411
5.223776,4.417826,-7.605322
5.267137,4.336190,-8.163585
5.309625,4.248757,-8.743316
5.351179,4.155382,-9.337488
5.391739,4.056018,-9.936439
5.431246,3.950745,-10.527325
5.469645,3.839809,-11.093586
5.506881,3.723664,-11.614438
5.542911,3.603019,-12.064523
5.577700,3.478881,-12.413786
5.611226,3.352604,-12.627777
5.643485,3.225918,-12.668516
5.674495,3.100957,-12.496113
5.704297,2.980245,-12.071270
5.732964,2.866658,-11.358685
5.762042,2.907791,4.113356
5.816042,5.399995,249.220408
5.870315,5.427333,2.733717
5.924838,5.452328,2.499531
5.979564,5.472589,2.026083
6.034446,5.488156,1.556775
6.089437,5.499071,1.091465
6.144490,5.505371,0.629977
6.199561,5.507092,0.172095
6.254583,5.502181,-0.491121
6.309490,5.490675,-1.150538
6.364237,5.474693,-1.598249
6.418779,5.454256,-2.043695
6.473073,5.429383,-2.487250
6.527074,5.400090,-2.929301
6.580738,5.366388,-3.370254
6.634041,5.330360,-3.602813
6.686986,5.294404,-3.595587
6.739574,5.258836,-3.556812
6.791810,5.223647,-3.518848
6.843699,5.188829,-3.481774
6.895242,5.154373,-3.445663
6.946445,5.120267,-3.410585
6.997310,5.086501,-3.376601
7.047841,5.053063,-3.343769
7.098040,5.019942,-3.312142
7.147911,4.987124,-3.281763
7.197457,4.954597,-3.252674
7.246681,4.922348,-3.224907
7.295584,4.890363,-3.198490
7.344171,4.858629,-3.173443
7.392442,4.827131,-3.149785
7.440401,4.795856,-3.127523
7.488048,4.764789,-3.106664
7.535388,4.733917,-3.087206
7.582420,4.703226,-3.069144
7.629147,4.672701,-3.052467
7.675570,4.642329,-3.037162
7.721691,4.612097,-3.023210
7.767511,4.581992,-3.010588
7.813031,4.551999,-2.999270
7.858252,4.522107,-2.989228
7.903175,4.492302,-2.980429
7.947801,4.462574,-2.972840
7.992130,4.432910,-2.966425
8.036163,4.403298,-2.961144
8.079900,4.373729,-2.956959
8.123342,4.344190,-2.953829
8.166489,4.314673,-2.951711
8.209341,4.285168,-2.950564
8.251897,4.255664,-2.950343
8.294159,4.226154,-2.951006
8.336125,4.196629,-2.952509
8.377796,4.167081,-2.954809
8.419171,4.137502,-2.957863
8.460250,4.107886,-2.961629
8.501032,4.078225,-2.966065
8.541517,4.048514,-2.971129
8.581705,4.018746,-2.976781
8.621594,3.988916,-2.982983
8.661184,3.959019,-2.989696
8.700474,3.929051,-2.996882
8.739465,3.899005,-3.004507
8.778153,3.868880,-3.012535
8.816540,3.838671,-3.020932
8.854624,3.808374,-3.029667
8.892404,3.777987,-3.038708
8.929879,3.747507,-3.048027
8.967048,3.716931,-3.057594
9.003911,3.686257,-3.067382
9.040465,3.655483,-3.077366
9.076712,3.624608,-3.087521
9.112648,3.593630,-3.097824
9.148273,3.562547,-3.108253
9.183587,3.531360,-3.118787
9.218588,3.500065,-3.129406
9.253274,3.468665,-3.140092
9.287646,3.437156,-3.150828
9.321701,3.405540,-3.161596
9.355439,3.373816,-3.172382
9.388859,3.341985,-3.183171
9.421960,3.310045,-3.193950
9.454740,3.277998,-3.204706
9.487198,3.245844,-3.215427
9.519334,3.213583,-3.226103
9.551146,3.181216,-3.236724
9.582633,3.148743,-3.247279
9.613795,3.116165,-3.257762
9.644630,3.083484,-3.268163
9.675137,3.050699,-3.278475
9.705315,3.017812,-3.288692
9.735163,2.984824,-3.298807
9.764681,2.951736,-3.308816
9.793866,2.918549,-3.318712
9.822719,2.885264,-3.328493
9.851238,2.851882,-3.338152
9.879422,2.818405,-3.347687
9.907270,2.784834,-3.357094
9.934782,2.751171,-3.366371
9.961956,2.717415,-3.375515
9.988792,2.683570,-3.384524
10.015288,2.649636,-3.393395
10.041444,2.615615,-3.402127
10.067259,2.581508,-3.410720
10.092732,2.547316,-3.419171
10.117863,2.513041,-3.427479
10.142650,2.478685,-3.435645
10.167092,2.444248,-3.443667
10.191189,2.409733,-3.451545
10.214941,2.375140,-3.459279
10.238345,2.340471,-3.466870
10.261403,2.305728,-3.474316
10.284112,2.270912,-3.481619
10.306472,2.236024,-3.488779
10.328483,2.201066,-3.495796
10.350143,2.166039,-3.502671
10.371453,2.130945,-3.509405
10.392410,2.095785,-3.515998
10.413016,2.060561,-3.522450
10.433269,2.025273,-3.528764
10.453168,1.989924,-3.534940
10.472713,1.954514,-3.540979
10.491904,1.919045,-3.546881
10.510739,1.883519,-3.552648
10.529218,1.847936,-3.558282
10.547341,1.812298,-3.563782
10.565107,1.776607,-3.569151
10.582516,1.740863,-3.574389
10.599567,1.705068,-3.579497
10.616259,1.669223,-3.584477
10.632592,1.633330,-3.589330
10.648566,1.597389,-3.594057
10.664180,1.561403,-3.598660
10.679434,1.525371,-3.603138
10.694327,1.489296,-3.607494
10.708858,1.453179,-3.611729
10.723029,1.417021,-3.615843
10.736837,1.380822,-3.619838
10.750283,1.344585,-3.623716
10.763366,1.308310,-3.627476
10.776086,1.271999,-3.631121
10.788442,1.235653,-3.634650
10.800435,1.199272,-3.638066
10.812064,1.162858,-3.641369
10.823328,1.126413,-3.644560
10.834227,1.089936,-3.647641
10.844761,1.053430,-3.650611
10.854930,1.016895,-3.653473
10.864734,0.980333,-3.656227
10.874171,0.943744,-3.658873
10.883242,0.907130,-3.661413
10.891947,0.870492,-3.663847
10.900286,0.833830,-3.666176
10.908257,0.797146,-3.668401
10.915862,0.760441,-3.670523
10.923099,0.723715,-3.672542
10.929968,0.686971,-3.674460
10.936471,0.650208,-3.676275
10.942605,0.613428,-3.677990
10.948371,0.576632,-3.679605
10.953769,0.539821,-3.681120
10.958799,0.502995,-3.682535
10.963461,0.466157,-3.683852
10.967754,0.429306,-3.685070
10.971678,0.392444,-3.686191
10.975234,0.355572,-3.687214
10.978421,0.318691,-3.688139
10.981239,0.281801,-3.688968
10.983688,0.244904,-3.689700
10.985768,0.208001,-3.690336
10.987479,0.171092,-3.690876
10.988821,0.134179,-3.691319
10.989816,0.099545,-3.463386
10.990514,0.069829,-2.971620
10.990968,0.045386,-2.444312
10.991231,0.026216,-1.916934
10.991354,0.012321,-1.389512
10.991391,0.003700,-0.862065
10.991394,0.000354,-0.334609
10.991394,0.000000,-0.035440