-0.000029,-0.005787,-0.578695
-0.000094,-0.006467,-0.068029
-0.000268,-0.017414,-1.094693
-0.000577,-0.030952,-1.353822
-0.001061,-0.048347,-1.739499
-0.001757,-0.069586,-2.123910
-0.002703,-0.094651,-2.506434
-0.003938,-0.123514,-2.886319
-0.005500,-0.156141,-3.262676
-0.007425,-0.192485,-3.634469
-0.009749,-0.232491,-4.000515
-0.012510,-0.276085,-4.359453
-0.015723,-0.321273,-4.518786
-0.019384,-0.366072,-4.479866
-0.023488,-0.410420,-4.434815
-0.028030,-0.454254,-4.383401
-0.033006,-0.497507,-4.325351
-0.038407,-0.540111,-4.260361
-0.044227,-0.581992,-4.188083
-0.050457,-0.623073,-4.108131
-0.057090,-0.663274,-4.020076
-0.064115,-0.702508,-3.923443
-0.071522,-0.740685,-3.817705
-0.079299,-0.777708,-3.702289
-0.087434,-0.813474,-3.576560
-0.095913,-0.847872,-3.439836
-0.104720,-0.880786,-3.291364
-0.113841,-0.912089,-3.130336
-0.123258,-0.941648,-2.955878
-0.132951,-0.969318,-2.767052
-0.142900,-0.994947,-2.562857
-0.153084,-1.018369,-2.342229
-0.163478,-1.039410,-2.104048
-0.174057,-1.057881,-1.847149
-0.184793,-1.073585,-1.570330
-0.195656,-1.086308,-1.272372
-0.206614,-1.095829,-0.952072
-0.217633,-1.101912,-0.608274
-0.228676,-1.104311,-0.239915
-0.239704,-1.102772,0.153897
-0.250675,-1.097034,0.573805
-0.261543,-1.086833,1.020095
-0.272262,-1.071908,1.492543
-0.282782,-1.052005,1.990251
-0.293051,-1.026891,2.511415
-0.303014,-0.996360,3.053067
-0.312617,-0.960253,3.610753
-0.321802,-0.918471,4.178161
-0.330512,-0.871004,4.746704
-0.338691,-0.817953,5.305070
-0.346287,-0.759566,5.838762
-0.353250,-0.696269,6.329674
-0.359537,-0.628711,6.755776
-0.365115,-0.557801,7.090990
-0.369962,-0.484748,7.305379
-0.374073,-0.411090,7.365795
-0.377460,-0.338718,7.237123
-0.380159,-0.269876,6.884232
-0.382230,-0.207129,6.274693
-0.383763,-0.153307,5.382175
-0.384877,-0.111405,4.190281
-0.385722,-0.084441,2.696359
-0.386475,-0.075294,0.914686
-0.387340,-0.086511,-1.121716
-0.388541,-0.120124,-3.361229
-0.390316,-0.177485,-5.736181
-0.392908,-0.259162,-8.167656
-0.396556,-0.364882,-10.572025
-0.401492,-0.493564,-12.868233
-0.407926,-0.643411,-14.984668
-0.416047,-0.812057,-16.864562
-0.426014,-0.996749,-18.469215
-0.437960,-1.194537,-19.778837
-0.451984,-1.402450,-20.791263
-0.468161,-1.617641,-21.519116
-0.486536,-1.837502,-21.986117
-0.507133,-2.059734,-22.223226
-0.529957,-2.282385,-22.265094
-0.554995,-2.503857,-22.147141
-0.582224,-2.722891,-21.903396
-0.611610,-2.938541,-21.565054
-0.643111,-3.150138,-21.159681
-0.676684,-3.357247,-20.710899
-0.712280,-3.559632,-20.238436
-0.749852,-3.757216,-19.758405
-0.789353,-3.950053,-19.283698
-0.830735,-4.138297,-18.824458
-0.873957,-4.322182,-18.388537
-0.918977,-4.502002,-17.981940
-0.965758,-4.678094,-17.609227
-1.014267,-4.850833,-17.273866
-1.064473,-5.020618,-16.978536
-1.116352,-5.187872,-16.725391
-1.169882,-5.353035,-16.516284
-1.225047,-5.516565,-16.352960
-1.281837,-5.678937,-16.237222
-1.340233,-5.839658,-16.072105
-1.404121,-6.388789,-54.913088
-1.468704,-6.458232,-6.944336
-1.533980,-6.527675,-6.944336
-1.599952,-6.597119,-6.944336
-1.666617,-6.666562,-6.944336
-1.733977,-6.736005,-6.944336
-1.802032,-6.805449,-6.944336
-1.870781,-6.874892,-6.944336
-1.940224,-6.944336,-6.944336
-2.010362,-7.013779,-6.944336
-2.081194,-7.083222,-6.944336
-2.152692,-7.149772,-6.654988
-2.224797,-7.210535,-6.076294
-2.297452,-7.265511,-5.497599
-2.370599,-7.314700,-4.918904
-2.444180,-7.358102,-4.340210
-2.518137,-7.395717,-3.761515
-2.592413,-7.427546,-3.182820
-2.666949,-7.453587,-2.604126
-2.741687,-7.473841,-2.025431
-2.816570,-7.488308,-1.446737
-2.891535,-7.496433,-0.812442
-2.966488,-7.495321,0.111200
-3.041343,-7.485528,0.979242
-3.116043,-7.469949,1.557937
-3.190528,-7.448583,2.136631
-3.264743,-7.421430,2.715326
-3.338628,-7.388489,3.294021
-3.412125,-7.349762,3.872715
-3.485178,-7.305248,4.451410
-3.557727,-7.254947,5.030104
-3.629716,-7.198859,5.608799
-3.701086,-7.136984,6.187494
-3.771784,-7.069878,6.710588
-3.841789,-7.000435,6.944336
-3.911099,-6.930991,6.944336
-3.979714,-6.861548,6.944336
-4.047635,-6.792105,6.944336
-4.114862,-6.722661,6.944336
-4.181394,-6.653218,6.944336
-4.247232,-6.583775,6.944336
-4.312375,-6.514331,6.944336
-4.376824,-6.444888,6.944336
-4.440578,-6.375445,6.944336
-4.503638,-6.306001,6.944336
-4.566004,-6.236558,6.944336
-4.627675,-6.167115,6.944336
-4.688652,-6.097671,6.944336
-4.748934,-6.028228,6.944336
-4.808522,-5.958785,6.944336
-4.867415,-5.889341,6.944336
-4.925614,-5.819898,6.944336
-4.983119,-5.750454,6.944336
-5.039929,-5.681011,6.944336
-5.096045,-5.611568,6.944336
-5.151466,-5.542124,6.944336
-5.206193,-5.472681,6.944336
-5.260225,-5.403238,6.944336
-5.313563,-5.333794,6.944336
-5.366207,-5.264351,6.944336
-5.418156,-5.194908,6.944336
-5.469410,-5.125464,6.944336
-5.519970,-5.056021,6.944336
-5.569836,-4.986578,6.944336
-5.619008,-4.917134,6.944336
-5.667484,-4.847691,6.944336
-5.715267,-4.778247,6.944336
-5.762355,-4.708804,6.944336
-5.808749,-4.639361,6.944336
-5.854448,-4.569917,6.944336
-5.899453,-4.500474,6.944336
-5.943763,-4.431031,6.944336
-5.987379,-4.361587,6.944336
-6.030300,-4.292144,6.944336
-6.072527,-4.222701,6.944336
-6.114060,-4.153257,6.944336
-6.154898,-4.083814,6.944336
-6.195042,-4.014371,6.944336
-6.234491,-3.944927,6.944336
-6.273246,-3.875484,6.944336
-6.311306,-3.806041,6.944336
-6.348672,-3.736597,6.944336
-6.385344,-3.667154,6.944336
-6.421321,-3.597710,6.944336
-6.456603,-3.528267,6.944336
-6.491192,-3.458824,6.944336
-6.525085,-3.389380,6.944336
-6.558285,-3.319937,6.944336
-6.590790,-3.250494,6.944336
-6.622600,-3.181050,6.944336
-6.653716,-3.111607,6.944336
-6.684138,-3.042164,6.944336
-6.713865,-2.972720,6.944336
-6.742898,-2.903277,6.944336
-6.771236,-2.833834,6.944336
-6.798880,-2.764390,6.944336
-6.825830,-2.694947,6.944336
-6.852085,-2.625503,6.944336
-6.877645,-2.556060,6.944336
-6.902511,-2.486617,6.944336
-6.926683,-2.417173,6.944336
-6.950160,-2.347730,6.944336
-6.972943,-2.278287,6.944336
-6.995032,-2.208843,6.944336
-7.016426,-2.139400,6.944336
-7.037125,-2.069957,6.944336
-7.057130,-2.000513,6.944336
-7.076441,-1.931070,6.944336
-7.095057,-1.861627,6.944336
-7.112979,-1.792183,6.944336
-7.130207,-1.722740,6.944336
-7.146740,-1.653297,6.944336
-7.162578,-1.583853,6.944336
-7.177722,-1.514410,6.944336
-7.192172,-1.444966,6.944336
-7.205927,-1.375523,6.944336
-7.218988,-1.306080,6.944336
-7.231354,-1.236636,6.944336
-7.243026,-1.167193,6.944336
-7.254004,-1.097750,6.944336
-7.264287,-1.028306,6.944336
-7.273875,-0.958863,6.944336
-7.282770,-0.889420,6.944336
-7.290969,-0.819976,6.944336
-7.298475,-0.750533,6.944336
-7.305286,-0.681090,6.944336
-7.311402,-0.611646,6.944336
-7.316824,-0.542203,6.944336
-7.321552,-0.472759,6.944336
-7.325590,-0.403872,6.888735
-7.328975,-0.338434,6.543788
-7.331763,-0.278783,5.965093
-7.334012,-0.224919,5.386399
-7.335780,-0.176842,4.807704
-7.337126,-0.134552,4.229010
-7.338106,-0.098049,3.650315
-7.338780,-0.067333,3.071620
-7.339204,-0.042404,2.492926
-7.339436,-0.023261,1.914231
-7.339535,-0.009906,1.335536
-7.339559,-0.002337,0.756842
-7.339559,-0.000000,0.233747