0.000029,0.005701,0.570058
0.000101,0.007251,0.155088
0.000358,0.025653,1.840117
0.000814,0.045605,1.995204
0.001526,0.071257,2.565263
0.002552,0.102611,3.135321
0.003949,0.139664,3.705380
0.005773,0.182419,4.275438
0.008082,0.230874,4.845497
0.010932,0.285029,5.415555
0.014381,0.344885,5.985613
0.018485,0.410442,6.555672
0.023302,0.481699,7.125730
0.028889,0.558657,7.695789
0.035274,0.638465,7.980818
0.042456,0.718274,7.980818
0.050437,0.798082,7.980818
0.059216,0.877890,7.980818
0.068793,0.957698,7.980818
0.079168,1.037506,7.980818
0.090341,1.117314,7.980818
0.102312,1.197123,7.980818
0.115082,1.276931,7.980818
0.128649,1.356739,7.980818
0.143015,1.436547,7.980818
0.158178,1.516355,7.980818
0.174140,1.596164,7.980818
0.190900,1.675972,7.980818
0.208457,1.755780,7.980818
0.226813,1.835588,7.980818
0.245967,1.915396,7.980818
0.265919,1.995204,7.980818
0.286669,2.075013,7.980818
0.308218,2.154821,7.980818
0.330564,2.234629,7.980818
0.353708,2.314437,7.980818
0.377651,2.394245,7.980818
0.402391,2.474054,7.980818
0.427930,2.553862,7.980818
0.454267,2.633670,7.980818
0.481401,2.713478,7.980818
0.509334,2.793286,7.980818
0.538065,2.873094,7.980818
0.567594,2.952903,7.980818
0.597921,3.032711,7.980818
0.629046,3.112519,7.980818
0.660970,3.192327,7.980818
0.693691,3.272135,7.980818
0.727211,3.351943,7.980818
0.761528,3.431752,7.980818
0.796644,3.511560,7.980818
0.832557,3.591368,7.980818
0.869269,3.671176,7.980818
0.906779,3.750984,7.980818
0.945087,3.830793,7.980818
0.984193,3.910601,7.980818
1.024097,3.990409,7.980818
1.064799,4.070217,7.980818
1.106299,4.150025,7.980818
1.148598,4.229833,7.980818
1.191694,4.309642,7.980818
1.235589,4.389450,7.980818
1.280281,4.469258,7.980818
1.325772,4.549066,7.980818
1.372061,4.628874,7.980818
1.419147,4.708682,7.980818
1.467032,4.788491,7.980818
1.515715,4.868299,7.980818
1.565196,4.948107,7.980818
1.615476,5.027915,7.980818
1.666553,5.107723,7.980818
1.718428,5.187532,7.980818
1.771101,5.267340,7.980818
1.824573,5.347148,7.980818
1.878843,5.426956,7.980818
1.933910,5.506764,7.980818
1.989776,5.586572,7.980818
2.046440,5.666381,7.980818
2.103902,5.746189,7.980818
2.162162,5.825997,7.980818
2.221220,5.905805,7.980818
2.281076,5.985613,7.980818
2.341730,6.065422,7.980818
2.403182,6.145230,7.980818
2.465433,6.225038,7.980818
2.528481,6.304846,7.980818
2.592328,6.384654,7.980818
2.656972,6.464462,7.980818
2.722415,6.544271,7.980818
2.788656,6.624079,7.980818
2.855695,6.703887,7.980818
2.923532,6.783695,7.980818
2.992167,6.863503,7.980818
3.061600,6.943311,7.980818
3.131831,7.023120,7.980818
3.202860,7.102928,7.980818
3.274688,7.182736,7.980818
3.347313,7.262544,7.980818
3.420737,7.342352,7.980818
3.494958,7.422161,7.980818
3.569978,7.501969,7.980818
3.645796,7.581777,7.980818
3.722411,7.661585,7.980818
3.799825,7.741393,7.980818
3.878037,7.821201,7.980818
3.957047,7.901010,7.980818
4.036856,7.980818,7.980818
4.117462,8.060626,7.980818
4.198866,8.140434,7.980818
4.281069,8.220242,7.980818
4.364069,8.300050,7.980818
4.447868,8.379859,7.980818
4.532464,8.459667,7.980818
4.617859,8.539475,7.980818
4.704052,8.619283,7.980818
4.791043,8.699091,7.980818
4.878832,8.778900,7.980818
4.967419,8.858708,7.980818
5.056804,8.938516,7.980818
5.146987,9.018324,7.980818
5.237969,9.098132,7.980818
5.329748,9.177940,7.980818
5.422326,9.257749,7.980818
5.515701,9.337557,7.980818
5.609875,9.417365,7.980818
5.704847,9.497173,7.980818
5.800616,9.576981,7.980818
5.897184,9.656790,7.980818
5.994550,9.736598,7.980818
6.092714,9.816406,7.980818
6.191676,9.896214,7.980818
6.291437,9.976022,7.980818
6.391995,10.055830,7.980818
6.493351,10.135639,7.980818
6.595506,10.215447,7.980818
6.698458,10.295255,7.980818
6.802209,10.375063,7.980818
6.906758,10.454871,7.980818
7.011702,10.494430,3.955834
7.115346,10.364442,-12.998742
7.220302,10.495519,13.107704
7.326572,10.627083,13.156357
7.434166,10.759304,13.222134
7.543089,10.892365,13.306084
7.653354,11.026459,13.409390
7.764943,11.158918,13.245887
7.877813,11.287016,12.809833
7.991922,11.410874,12.385741
8.107228,11.530622,11.974871
8.223692,11.646407,11.578473
8.341276,11.758385,11.197788
8.459943,11.866725,10.834041
8.579659,11.971610,10.488427
8.700392,12.073231,10.162100
8.822110,12.171792,9.856143
8.944785,12.267507,9.571533
9.068391,12.360598,9.309100
9.192903,12.451249,9.065045
9.318269,12.536589,8.534037
9.444437,12.616803,8.021366
9.571389,12.695158,7.835505
9.699107,12.771851,7.669282
9.827578,12.847055,7.520400
9.956787,12.920910,7.385491
10.086722,12.993508,7.259863
10.217371,13.064880,7.137222
10.348720,13.134974,7.009363
10.480757,13.203633,6.865869
10.613462,13.270571,6.693796
10.746816,13.335345,6.477447
10.880789,13.397327,6.198216
11.015346,13.455724,5.839649
11.150476,13.512996,5.727221
11.286191,13.571501,5.850542
11.422491,13.629964,5.846212
11.559359,13.686836,5.687234
11.696762,13.740306,5.346963
11.834646,13.788316,4.801051
11.972932,13.828614,4.029804
12.111520,13.858822,3.020821
12.250285,13.876538,1.771600
12.389080,13.879456,0.291738
12.527735,13.865498,-1.395718
12.666064,13.832957,-3.254167
12.803870,13.780608,-5.234853
12.940949,13.707810,-7.279805
13.077094,13.614550,-9.326004
13.212109,13.501447,-11.310287
13.345806,13.369705,-13.174260
13.478016,13.221019,-14.868527
13.608590,13.057463,-16.355690
13.737404,12.881344,-17.611834
13.864355,12.695079,-18.626497
13.989365,12.501065,-19.401381
14.112381,12.301584,-19.948184
14.233368,12.098723,-20.286009
14.352312,11.894336,-20.438754
14.469212,11.690009,-20.432697
14.584082,11.487063,-20.294561
14.696948,11.286563,-20.050043
14.807841,11.089335,-19.722789
14.916801,10.895996,-19.333856
15.023871,10.706982,-18.901401
15.129097,10.522575,-18.440731
15.232526,10.342931,-17.964417
15.334207,10.168105,-17.482554
15.434188,9.998075,-17.003064
15.532516,9.832755,-16.531995
15.629236,9.672016,-16.073861
15.724393,9.515698,-15.631862
15.818029,9.363616,-15.208171
15.910185,9.215575,-14.804141
16.000898,9.071370,-14.420476
16.090206,8.930796,-14.057378
16.178143,8.793649,-13.714675
16.264740,8.659730,-13.391937
16.350029,8.528845,-13.088516
16.434037,8.400808,-12.803647
16.516791,8.275444,-12.536465
16.598317,8.152583,-12.286057
16.678638,8.032068,-12.051513
16.757775,7.913749,-11.831887
16.835750,7.797486,-11.626286
16.912581,7.683148,-11.433807
16.988288,7.570612,-11.253614
17.062885,7.459763,-11.084894
17.141594,7.870893,41.113023
17.221868,8.027433,15.653961
17.301487,7.961810,-6.562314
17.380437,7.895070,-6.674008
17.458709,7.827138,-6.793210
17.536288,7.757942,-6.919588
17.613162,7.687414,-7.052726
17.689317,7.615493,-7.192128
17.764738,7.542121,-7.337217
17.839411,7.467247,-7.487344
17.913319,7.390830,-7.641791
17.986447,7.312832,-7.799783
18.058780,7.233227,-7.960491
18.130300,7.151996,-8.123051
18.200991,7.069131,-8.286570
18.270837,6.984629,-8.450141
18.339822,6.898501,-8.612858
18.407930,6.810762,-8.773825
18.475144,6.721441,-8.932170
18.541450,6.630570,-9.087061
18.606832,6.538193,-9.237713
18.671275,6.444359,-9.383398
18.734767,6.349124,-9.523459
18.797292,6.252551,-9.657308
18.858839,6.154707,-9.784440
18.919396,6.055663,-9.904431
18.978951,5.955493,-10.016941
19.037494,5.854276,-10.121714
19.095015,5.752090,-10.218578
19.151505,5.649016,-10.307438
19.206956,5.545133,-10.388278
19.261361,5.440522,-10.461148
19.314714,5.335260,-10.526167
19.367008,5.229425,-10.583507
19.418239,5.123091,-10.633394
19.468402,5.016330,-10.676098
19.517494,4.909211,-10.711923
19.565512,4.801799,-10.741206
19.612454,4.694156,-10.764305
19.658317,4.586340,-10.781597
19.703101,4.478405,-10.793469
19.746805,4.370402,-10.800316
19.789429,4.262376,-10.802531
19.830973,4.154371,-10.800508
19.871437,4.046425,-10.794634
19.910823,3.938572,-10.785286
19.949131,3.830844,-10.772829
19.986364,3.723268,-10.757615
20.022523,3.615868,-10.739982
20.057609,3.508665,-10.720249
20.091626,3.401678,-10.698721
20.124575,3.294921,-10.675682
20.156459,3.188407,-10.651402
20.187281,3.082146,-10.626129
20.217042,2.976145,-10.600096
20.245746,2.870410,-10.573520
20.273396,2.764944,-10.546600
20.299993,2.659749,-10.519517
20.325542,2.554824,-10.492441
20.350043,2.450169,-10.465525
20.373501,2.345780,-10.438908
20.395918,2.241653,-10.412718
20.417295,2.137782,-10.387069
20.437637,2.034162,-10.362067
20.456945,1.930783,-10.337804
20.475221,1.827640,-10.314364
20.492468,1.724722,-10.291824
20.508689,1.622019,-10.270249
20.523884,1.519522,-10.249702
20.538056,1.417220,-10.230233
20.551207,1.315101,-10.211891
20.563339,1.213154,-10.194716
20.574452,1.111366,-10.178746
20.584550,1.009726,-10.164013
20.593632,0.908221,-10.150543
20.601700,0.806837,-10.138362
20.608756,0.705614,-10.122315
20.614838,0.608144,-9.747036
20.620017,0.517962,-9.018123
20.624368,0.435052,-8.291016
20.627962,0.359398,-7.565445
20.630872,0.290986,-6.841160
20.633170,0.229807,-6.117929
20.634928,0.175851,-5.395546
20.636219,0.129113,-4.673824
20.637115,0.089587,-3.952600
20.637688,0.057270,-3.231733
20.638010,0.032159,-2.511107
20.638152,0.014252,-1.790627
20.638188,0.003550,-1.070224
20.638188,0.000000,-0.355017