0.000028,0.005696,0.569563
0.000067,0.003872,-0.182324
0.000250,0.018242,1.436935
0.000574,0.032426,1.418429
0.001080,0.050656,1.823018
0.001810,0.072925,2.226842
0.002802,0.099220,2.629532
0.004077,0.127503,2.828315
0.005634,0.155737,2.823392
0.007473,0.183911,2.817359
0.009594,0.212013,2.810202
0.011994,0.240032,2.801911
0.014673,0.267956,2.792470
0.017631,0.295775,2.781859
0.020866,0.323476,2.770066
0.024376,0.351046,2.757064
0.028161,0.378475,2.742834
0.032219,0.405748,2.727348
0.036547,0.432854,2.710579
0.041145,0.459779,2.692503
0.046010,0.486510,2.673081
0.051140,0.513033,2.652283
0.056534,0.539333,2.630078
0.062188,0.565398,2.606418
0.068100,0.591210,2.581273
0.074267,0.616756,2.554598
0.080688,0.642020,2.526348
0.087357,0.666985,2.496480
0.094274,0.691634,2.464945
0.101433,0.715951,2.431694
0.108832,0.739918,2.396680
0.116468,0.763516,2.359847
0.124335,0.786728,2.321144
0.132430,0.809533,2.280520
0.140749,0.831912,2.237918
0.149288,0.853845,2.193286
0.158041,0.875311,2.146573
0.167004,0.896288,2.097721
0.176171,0.916755,2.046686
0.185538,0.936689,1.993419
0.195099,0.956068,1.937874
0.204848,0.974868,1.880017
0.214778,0.993066,1.819809
0.224885,1.010638,1.757226
0.235160,1.027561,1.692256
0.245598,1.043810,1.624889
0.256192,1.059361,1.555135
0.266934,1.074191,1.483017
0.277817,1.088277,1.408576
0.288832,1.101596,1.331883
0.299974,1.114126,1.253020
0.311232,1.125847,1.172106
0.322600,1.136740,1.089302
0.334068,1.146788,1.004789
0.345627,1.155976,0.918807
0.357270,1.164292,0.831641
0.368987,1.171729,0.743627
0.380770,1.178280,0.655173
0.392610,1.183948,0.566745
0.404497,1.188737,0.478892
0.416424,1.192659,0.392247
0.428381,1.195734,0.307530
0.440361,1.197990,0.225558
0.452356,1.199463,0.147254
0.464358,1.200199,0.073650
0.476360,1.200258,0.005887
0.488357,1.199710,-0.054776
0.500344,1.198641,-0.106967
0.512315,1.197148,-0.149205
0.524269,1.195349,-0.179903
0.536202,1.193376,-0.197387
0.548116,1.191377,-0.199903
0.560011,1.189520,-0.185648
0.571891,1.187992,-0.152800
0.583761,1.186997,-0.099540
0.595629,1.186756,-0.024116
0.607504,1.187507,0.075130
0.619399,1.189504,0.199693
0.631329,1.193012,0.350852
0.643312,1.198308,0.529612
0.655369,1.205675,0.736634
0.667523,1.215397,0.972185
0.679800,1.227757,1.236082
0.692231,1.243034,1.527647
0.704846,1.261491,1.845678
0.717679,1.283375,2.188436
0.730769,1.308912,2.553649
0.744151,1.338297,2.938535
0.757868,1.371695,3.339852
0.771961,1.409235,3.753965
0.786471,1.451004,4.176927
0.801441,1.497050,4.604587
0.816915,1.547377,5.032694
0.832935,1.601947,5.457021
0.849541,1.660682,5.873473
0.866776,1.723464,6.278200
0.884677,1.790141,6.667695
0.903283,1.860530,7.038874
0.922627,1.934421,7.389136
0.942743,2.011585,7.716411
0.963661,2.091777,8.019171
0.985408,2.174741,8.296438
1.008010,2.260219,8.547759
1.031490,2.347951,8.773179
1.055867,2.437683,8.973190
1.081158,2.529169,9.148681
1.107380,2.622178,9.300875
1.134545,2.716491,9.431272
1.162664,2.811907,9.541589
1.191746,2.908244,9.633701
1.221800,3.005340,9.709591
1.252830,3.103053,9.771308
1.284843,3.201262,9.820920
1.317842,3.299867,9.860489
1.351829,3.398787,9.892044
1.386809,3.497963,9.917559
1.422783,3.597352,9.938945
1.459752,3.696933,9.958035
1.497719,3.796699,9.976589
1.536686,3.896661,9.996286
1.576654,3.996849,10.018735
1.617627,4.097303,10.045474
1.659608,4.198083,10.077981
1.702601,4.299260,10.117687
1.746610,4.400920,10.165979
1.791641,4.503162,10.224217
1.837702,4.606100,10.293740
1.884801,4.709858,10.375881
1.932947,4.814578,10.471977
1.982151,4.920412,10.583376
2.032426,5.027526,10.711448
2.083787,5.136102,10.857590
2.136250,5.246335,11.023232
2.189835,5.358433,11.209835
2.244561,5.472622,11.418890
2.300452,5.589141,11.651911
2.357535,5.708245,11.910416
2.415837,5.830204,12.195902
2.475390,5.955302,12.509810
2.536228,6.083837,12.853475
2.598389,6.216117,13.228052
2.661914,6.352462,13.634421
2.726846,6.493192,14.073064
2.793232,6.638631,14.543908
2.861123,6.789093,15.046115
2.930572,6.944871,15.577831
3.001634,7.106230,16.135873
3.074368,7.273383,16.715356
3.148833,7.446476,17.309254
3.225088,7.625555,17.907899
3.303194,7.810539,18.498453
3.383206,8.001183,19.064353
3.465176,8.197031,19.584825
3.549150,8.397376,20.034513
3.635162,8.601210,20.383378
3.723234,8.807180,20.596982
3.813369,9.013553,20.637369
3.905551,9.218200,20.464673
3.999737,9.418596,20.039625
4.095856,9.611866,19.326955
4.192231,9.637511,2.564466
4.264616,7.238553,-239.895775
4.337526,7.290953,5.240007
4.410926,7.339999,4.904635
4.484750,7.382389,4.238969
4.558931,7.418081,3.569165
4.633401,7.447034,2.895362
4.708093,7.469212,2.217741
4.782939,7.484577,1.536513
4.857841,7.490253,0.567602
4.932703,7.486202,-0.405108
5.007456,7.475237,-1.096503
5.082029,7.457335,-1.790164
5.156354,7.432478,-2.485717
5.230360,7.400650,-3.182772
5.303979,7.361841,-3.880925
5.377168,7.318896,-4.294456
5.449919,7.275114,-4.378215
5.522228,7.230944,-4.416987
5.594092,7.186395,-4.454947
5.665507,7.141475,-4.492019
5.736469,7.096193,-4.528127
5.806975,7.050561,-4.563203
5.877020,7.004590,-4.597185
5.946603,6.958289,-4.630014
6.015720,6.911673,-4.661640
6.084368,6.864753,-4.692017
6.152543,6.817542,-4.721105
6.220244,6.770053,-4.748871
6.287467,6.722300,-4.775288
6.354210,6.674297,-4.800333
6.420470,6.626057,-4.823991
6.486246,6.577594,-4.846252
6.551535,6.528923,-4.867112
6.616336,6.480058,-4.886570
6.680646,6.431011,-4.904633
6.744464,6.381798,-4.921309
6.807788,6.332432,-4.936615
6.870618,6.282926,-4.950568
6.932950,6.233294,-4.963192
6.994786,6.183549,-4.974510
7.056123,6.133704,-4.984554
7.116961,6.083770,-4.993354
7.177298,6.033761,-5.000944
7.237135,5.983687,-5.007361
7.296471,5.933561,-5.012643
7.355305,5.883392,-5.016830
7.413637,5.833193,-5.019962
7.471466,5.782972,-5.022081
7.528794,5.732740,-5.023231
7.585619,5.682505,-5.023453
7.641942,5.632277,-5.022792
7.697762,5.582064,-5.021291
7.753081,5.531874,-5.018993
7.807898,5.481715,-5.015941
7.862214,5.431593,-5.012177
7.916029,5.381516,-5.007744
7.969344,5.331489,-5.002681
8.022159,5.281519,-4.997031
8.074475,5.231610,-4.990831
8.126293,5.181769,-4.984120
8.177613,5.132000,-4.976935
8.228436,5.082307,-4.969313
8.278763,5.032694,-4.961287
8.328595,4.983165,-4.952891
8.377932,4.933723,-4.944158
8.426776,4.884372,-4.935118
8.475127,4.835114,-4.925802
8.522986,4.785952,-4.916237
8.570355,4.736887,-4.906450
8.617234,4.687923,-4.896468
8.663625,4.639059,-4.886314
8.709528,4.590299,-4.876013
8.754944,4.541643,-4.865585
8.799875,4.493093,-4.855052
8.844322,4.444649,-4.844435
8.888285,4.396311,-4.833750
8.931766,4.348081,-4.823016
8.974765,4.299958,-4.812248
9.017285,4.251944,-4.801464
9.059325,4.204037,-4.790676
9.100888,4.156238,-4.779898
9.141973,4.108547,-4.769143
9.182583,4.060962,-4.758423
9.222718,4.013485,-4.747748
9.262379,3.966114,-4.737129
9.301567,3.918848,-4.726574
9.340284,3.871687,-4.716093
9.378530,3.824630,-4.705693
9.416307,3.777676,-4.695381
9.453615,3.730825,-4.685165
9.490456,3.684074,-4.675051
9.526830,3.637424,-4.665043
9.562739,3.590872,-4.655147
9.598183,3.544419,-4.645368
9.633164,3.498061,-4.635709
9.667682,3.451800,-4.626174
9.701738,3.405632,-4.616768
9.735334,3.359557,-4.607491
9.768469,3.313574,-4.598348
9.801146,3.267680,-4.589340
9.833365,3.221876,-4.580469
9.865127,3.176158,-4.571737
9.896432,3.130527,-4.563146
9.927282,3.084980,-4.554695
9.957677,3.039516,-4.546387
9.987618,2.994134,-4.538222
10.017106,2.948832,-4.530200
10.046143,2.903608,-4.522322
10.074727,2.858463,-4.514589
10.102861,2.813393,-4.506999
10.130545,2.768397,-4.499552
10.157780,2.723475,-4.492250
10.184566,2.678624,-4.485090
10.210904,2.633843,-4.478073
10.236796,2.589131,-4.471199
10.262241,2.544486,-4.464465
10.287240,2.499908,-4.457873
10.311794,2.455393,-4.451420
10.335903,2.410942,-4.445107
10.359569,2.366553,-4.438931
10.382791,2.322224,-4.432893
10.405570,2.277954,-4.426991
10.427908,2.233742,-4.421224
10.449804,2.189586,-4.415590
10.471259,2.145485,-4.410090
10.492273,2.101438,-4.404722
10.512847,2.057443,-4.399484
10.532982,2.013499,-4.394376
10.552678,1.969605,-4.389395
10.571936,1.925760,-4.384542
10.590756,1.881962,-4.379816
10.609138,1.838210,-4.375214
10.627083,1.794502,-4.370735
10.644591,1.750838,-4.366379
10.661663,1.707217,-4.362145
10.678300,1.663637,-4.358031
10.694501,1.620096,-4.354035
10.710267,1.576595,-4.350159
10.725598,1.533131,-4.346398
10.740495,1.489703,-4.342754
10.754958,1.446311,-4.339224
10.768988,1.402953,-4.335808
10.782584,1.359628,-4.332506
10.795747,1.316335,-4.329314
10.808478,1.273072,-4.326234
10.820776,1.229840,-4.323263
10.832643,1.186636,-4.320402
10.844077,1.143459,-4.317649
10.855080,1.100309,-4.315002
10.865652,1.057185,-4.312463
10.875793,1.014084,-4.310028
10.885503,0.971007,-4.307699
10.894783,0.927953,-4.305474
10.903632,0.884919,-4.303352
10.912051,0.841906,-4.301333
10.920040,0.798912,-4.299416
10.927599,0.755936,-4.297600
10.934729,0.712977,-4.295885
10.941429,0.670034,-4.294271
10.947700,0.627106,-4.292756
10.953542,0.584193,-4.291340
10.958955,0.541293,-4.290023
10.963939,0.498405,-4.288805
10.968495,0.455528,-4.287684
10.972621,0.412661,-4.286662
10.976319,0.369804,-4.285736
10.979589,0.326955,-4.284907
10.982430,0.284113,-4.284175
10.984843,0.241278,-4.283539
10.986827,0.198448,-4.283000
10.988383,0.155622,-4.282556
10.989538,0.115448,-4.017465
10.990348,0.080981,-3.446644
10.990874,0.052633,-2.834827
10.991178,0.030402,-2.223080
10.991321,0.014288,-1.611377
10.991364,0.004291,-0.999698
10.991368,0.000411,-0.388029
10.991368,0.000000,-0.041098