-0.000029,-0.005818,-0.581759
-0.000145,-0.017453,-1.163519
-0.000407,-0.034906,-1.745278
-0.000873,-0.058176,-2.327038
-0.001600,-0.087264,-2.908797
-0.002647,-0.122169,-3.490556
-0.004072,-0.162893,-4.072316
-0.005934,-0.209433,-4.654075
-0.008290,-0.261792,-5.235835
-0.011199,-0.319968,-5.817594
-0.014719,-0.383961,-6.399353
-0.018907,-0.453772,-6.981113
-0.023823,-0.529401,-7.562872
-0.029524,-0.610847,-8.144632
-0.036069,-0.698111,-8.726391
-0.043516,-0.791193,-9.308150
-0.051922,-0.890092,-9.889910
-0.061317,-0.988991,-9.889910
-0.071702,-1.087890,-9.889910
-0.083075,-1.186789,-9.889910
-0.095438,-1.285688,-9.889910
-0.108789,-1.384587,-9.889910
-0.123129,-1.483486,-9.889910
-0.138459,-1.582386,-9.889910
-0.154777,-1.681285,-9.889910
-0.172084,-1.780184,-9.889910
-0.190381,-1.879083,-9.889910
-0.209666,-1.977982,-9.889910
-0.229940,-2.076881,-9.889910
-0.251204,-2.175780,-9.889910
-0.273456,-2.274679,-9.889910
-0.296697,-2.373578,-9.889910
-0.320928,-2.472477,-9.889910
-0.346147,-2.571377,-9.889910
-0.372355,-2.670276,-9.889910
-0.399552,-2.769175,-9.889910
-0.427739,-2.868074,-9.889910
-0.456914,-2.966973,-9.889910
-0.487078,-3.065872,-9.889910
-0.518231,-3.164771,-9.889910
-0.550373,-3.263670,-9.889910
-0.583505,-3.362569,-9.889910
-0.617625,-3.461468,-9.889910
-0.652734,-3.560367,-9.889910
-0.688832,-3.659267,-9.889910
-0.725919,-3.758166,-9.889910
-0.763996,-3.857065,-9.889910
-0.803061,-3.955964,-9.889910
-0.843115,-4.054863,-9.889910
-0.884158,-4.153762,-9.889910
-0.926190,-4.252661,-9.889910
-0.969211,-4.351560,-9.889910
-1.013221,-4.450459,-9.889910
-1.058220,-4.549358,-9.889910
-1.104208,-4.648258,-9.889910
-1.151185,-4.747157,-9.889910
-1.199152,-4.846056,-9.889910
-1.248107,-4.944955,-9.889910
-1.298051,-5.043854,-9.889910
-1.348984,-5.142753,-9.889910
-1.400906,-5.241652,-9.889910
-1.453817,-5.340551,-9.889910
-1.507717,-5.439450,-9.889910
-1.562606,-5.538349,-9.889910
-1.618484,-5.637249,-9.889910
-1.675351,-5.736148,-9.889910
-1.733207,-5.835047,-9.889910
-1.792052,-5.933946,-9.889910
-1.851886,-6.032845,-9.889910
-1.912709,-6.131744,-9.889910
-1.974520,-6.230643,-9.889910
-2.037321,-6.329542,-9.889910
-2.101082,-6.422624,-9.308150
-2.165745,-6.509888,-8.726391
-2.231251,-6.591334,-8.144632
-2.297542,-6.666963,-7.562872
-2.364561,-6.736774,-6.981113
-2.432249,-6.800767,-6.399353
-2.500547,-6.858943,-5.817594
-2.569399,-6.911302,-5.235835
-2.638744,-6.957842,-4.654075
-2.708526,-6.998566,-4.072316
-2.778686,-7.033471,-3.490556
-2.849167,-7.062559,-2.908797
-2.919909,-7.085829,-2.327038
-2.990854,-7.103282,-1.745278
-3.061945,-7.114917,-1.163519
-3.133120,-7.120002,-0.508467
-3.204287,-7.113452,0.655051
-3.275360,-7.101083,1.236811
-3.346280,-7.082898,1.818570
-3.416989,-7.058894,2.400330
-3.487428,-7.029074,2.982089
-3.557541,-6.993435,3.563848
-3.627268,-6.951979,4.145608
-3.696551,-6.904705,4.727367
-3.765333,-6.851614,5.309127
-3.833555,-6.792705,5.890886
-3.901158,-6.727979,6.472645
-3.968085,-6.657435,7.054405
-4.034278,-6.581073,7.636164
-4.099677,-6.498894,8.217924
-4.164226,-6.410897,8.799683
-4.227866,-6.317083,9.381442
-4.290543,-6.218183,9.889910
-4.352230,-6.119284,9.889910
-4.412928,-6.020385,9.889910
-4.472638,-5.921486,9.889910
-4.531358,-5.822587,9.889910
-4.589089,-5.723688,9.889910
-4.645832,-5.624789,9.889910
-4.701585,-5.525890,9.889910
-4.756350,-5.426991,9.889910
-4.810125,-5.328092,9.889910
-4.862911,-5.229192,9.889910
-4.914709,-5.130293,9.889910
-4.965517,-5.031394,9.889910
-5.015337,-4.932495,9.889910
-5.064167,-4.833596,9.889910
-5.112009,-4.734697,9.889910
-5.158861,-4.635798,9.889910
-5.204725,-4.536899,9.889910
-5.249599,-4.438000,9.889910
-5.293485,-4.339101,9.889910
-5.336381,-4.240202,9.889910
-5.378289,-4.141302,9.889910
-5.419207,-4.042403,9.889910
-5.459137,-3.943504,9.889910
-5.498077,-3.844605,9.889910
-5.536029,-3.745706,9.889910
-5.572991,-3.646807,9.889910
-5.608965,-3.547908,9.889910
-5.643950,-3.449009,9.889910
-5.677945,-3.350110,9.889910
-5.710952,-3.251211,9.889910
-5.742969,-3.152311,9.889910
-5.773998,-3.053412,9.889910
-5.804038,-2.954513,9.889910
-5.833088,-2.855614,9.889910
-5.861150,-2.756715,9.889910
-5.888223,-2.657816,9.889910
-5.914306,-2.558917,9.889910
-5.939401,-2.460018,9.889910
-5.963507,-2.361119,9.889910
-5.986623,-2.262220,9.889910
-6.008751,-2.163320,9.889910
-6.029890,-2.064421,9.889910
-6.050039,-1.965522,9.889910
-6.069200,-1.866623,9.889910
-6.087372,-1.767724,9.889910
-6.104555,-1.668825,9.889910
-6.120748,-1.569926,9.889910
-6.135953,-1.471027,9.889910
-6.150169,-1.372128,9.889910
-6.163396,-1.273229,9.889910
-6.175633,-1.174330,9.889910
-6.186882,-1.075430,9.889910
-6.197142,-0.976531,9.889910
-6.206413,-0.877632,9.889910
-6.214698,-0.779466,9.816618
-6.222031,-0.687117,9.234858
-6.228470,-0.600586,8.653099
-6.234072,-0.519873,8.071339
-6.238896,-0.444977,7.489580
-6.243001,-0.375899,6.907821
-6.246443,-0.312638,6.326061
-6.249283,-0.255195,5.744302
-6.251576,-0.203570,5.162542
-6.253383,-0.157762,4.580783
-6.254761,-0.117772,3.999024
-6.255768,-0.083599,3.417264
-6.256462,-0.055244,2.835505
-6.256902,-0.032707,2.253745
-6.257145,-0.015987,1.671986
-6.257250,-0.005085,1.090227
-6.257276,-0.000000,0.508467
-6.257276,-0.000000,-0.000000
-6.257276,-0.000000,-0.000000
-6.257276,-0.000000,-0.000000
-6.257276,-0.000000,-0.000000
-6.257276,-0.000000,-0.000000
-6.257276,-0.000000,-0.000000
-6.257276,-0.000000,-0.000000
-6.257276,-0.000000,-0.000000
-6.257276,-0.000000,-0.000000
-6.257276,-0.000000,-0.000000
-6.257276,-0.000000,-0.000000
-6.257276,-0.000000,-0.000000
-6.257276,-0.000000,-0.000000
-6.257276,-0.000000,-0.000000
-6.257276,-0.000000,-0.000000
-6.257276,-0.000000,-0.000000
-6.257276,-0.000000,-0.000000
-6.257276,-0.000000,-0.000000
-6.257276,-0.000000,-0.000000
-6.257276,-0.000000,-0.000000
-6.257276,-0.000000,-0.000000
-6.257276,-0.000000,-0.000000
-6.257276,-0.000000,-0.000000
-6.257276,-0.000000,-0.000000
-6.257276,-0.000000,-0.000000
-6.257276,-0.000000,-0.000000
-6.257276,-0.000000,-0.000000
-6.257276,-0.000000,-0.000000
-6.257276,-0.000000,-0.000000
-6.257276,-0.000000,-0.000000
-6.257276,-0.000000,-0.000000
-6.257276,-0.000000,-0.000000
-6.257276,-0.000000,-0.000000
-6.257276,-0.000000,-0.000000
-6.257276,-0.000000,-0.000000
-6.257276,-0.000000,-0.000000
-6.257276,-0.000000,-0.000000