-0.000029,-0.005882,-0.588189
-0.000087,-0.005725,0.015706
-0.000344,-0.025764,-2.003915
-0.000802,-0.045803,-2.003948
-0.001518,-0.071570,-2.576655
-0.002549,-0.103065,-3.149532
-0.003952,-0.140292,-3.722658
-0.005784,-0.183253,-4.296135
-0.008104,-0.231954,-4.870075
-0.010968,-0.286400,-5.444609
-0.014434,-0.346599,-6.019885
-0.018559,-0.412560,-6.596064
-0.023402,-0.484293,-7.173324
-0.029020,-0.561811,-7.751859
-0.035472,-0.645130,-8.331877
-0.042814,-0.734266,-8.913601
-0.051107,-0.829239,-9.497268
-0.060379,-0.927199,-9.796007
-0.070632,-1.025292,-9.809351
-0.081867,-1.123533,-9.824064
-0.094086,-1.221934,-9.840135
-0.107291,-1.320510,-9.857554
-0.121484,-1.419273,-9.876311
-0.136666,-1.518237,-9.896396
-0.152841,-1.617415,-9.917801
-0.170009,-1.716820,-9.940514
-0.188173,-1.816465,-9.964528
-0.207337,-1.916364,-9.989836
-0.227502,-2.016528,-10.016430
-0.248672,-2.116971,-10.044307
-0.270849,-2.217706,-10.073463
-0.294037,-2.318745,-10.103897
-0.318238,-2.420101,-10.135610
-0.343455,-2.521787,-10.168607
-0.369694,-2.623816,-10.202893
-0.396956,-2.726201,-10.238480
-0.425245,-2.828955,-10.275382
-0.454566,-2.932091,-10.313615
-0.484922,-3.035623,-10.353204
-0.516318,-3.139564,-10.394175
-0.548757,-3.243930,-10.436560
-0.582245,-3.348734,-10.480399
-0.616785,-3.453991,-10.525736
-0.652382,-3.559718,-10.572623
-0.689041,-3.665929,-10.621118
-0.726767,-3.772642,-10.671289
-0.765566,-3.879874,-10.723210
-0.805443,-3.987643,-10.776967
-0.846402,-4.095970,-10.832654
-0.888451,-4.204874,-10.890375
-0.931595,-4.314376,-10.950249
-0.975840,-4.424500,-11.012403
-1.021192,-4.535270,-11.076982
-1.067660,-4.646712,-11.144142
-1.115248,-4.758852,-11.214055
-1.163965,-4.871721,-11.286912
-1.213819,-4.985350,-11.362919
-1.264817,-5.099773,-11.442306
-1.316967,-5.215027,-11.525319
-1.370278,-5.331149,-11.612232
-1.424760,-5.448182,-11.703340
-1.480422,-5.566172,-11.798966
-1.537274,-5.685167,-11.899462
-1.595326,-5.805219,-12.005212
-1.654590,-5.926385,-12.116634
-1.715077,-6.048727,-12.234179
-1.776800,-6.172310,-12.358342
-1.839772,-6.297207,-12.489655
-1.904007,-6.423494,-12.628699
-1.969519,-6.551255,-12.776102
-2.036325,-6.680580,-12.932542
-2.104441,-6.811568,-13.098754
-2.173884,-6.944323,-13.275526
-2.244674,-7.078960,-13.463709
-2.316830,-7.215602,-13.664212
-2.390374,-7.354382,-13.878011
-2.465328,-7.495444,-14.106139
-2.541717,-7.638941,-14.349690
-2.619568,-7.785039,-14.609815
-2.698907,-7.933916,-14.887712
-2.779765,-8.085762,-15.184615
-2.862172,-8.240780,-15.501772
-2.946164,-8.399184,-15.840431
-3.031776,-8.561202,-16.201794
-3.119047,-8.727072,-16.586976
-3.208017,-8.897041,-16.996944
-3.298731,-9.071366,-17.432435
-3.391234,-9.250304,-17.893855
-3.485575,-9.434116,-18.381143
-3.581806,-9.623052,-18.893615
-3.679979,-9.817349,-19.429742
-3.780152,-10.017218,-19.986929
-3.882380,-10.222830,-20.561185
-3.986723,-10.434298,-21.146808
-4.093239,-10.651658,-21.735975
-4.201988,-10.874841,-22.318322
-4.313024,-11.103647,-22.880512
-4.426401,-11.337705,-23.405819
-4.542166,-11.576443,-23.873815
-4.660356,-11.819045,-24.260210
-4.781000,-12.064415,-24.536973
-4.904112,-12.311143,-24.672858
-5.029687,-12.557488,-24.634459
-5.157700,-12.801367,-24.387910
-5.288104,-13.040380,-23.901302
-5.420823,-13.271857,-23.147750
-5.555752,-13.492947,-22.108937
-5.692759,-13.700734,-20.778738
-5.831683,-13.892398,-19.166401
-5.972337,-14.065384,-17.298609
-6.114513,-14.217583,-15.219848
-6.257988,-14.347489,-12.990606
-6.402531,-14.454323,-10.683438
-6.547912,-14.538095,-8.377214
-6.693908,-14.599600,-6.150429
-6.840312,-14.640345,-4.074565
-6.986936,-14.662431,-2.208585
-7.133620,-14.668384,-0.595239
-7.280230,-14.660980,0.740400
-7.426660,-14.643076,1.790352
-7.572835,-14.617461,2.561528
-7.718702,-14.586736,3.072469
-7.864235,-14.553238,3.349812
-8.009425,-14.518990,3.424807
-8.154281,-14.485686,3.330395
-8.298828,-14.454697,3.098914
-8.443099,-14.427092,2.760519
-8.587136,-14.403670,2.342172
-8.730951,-14.381503,2.216701
-8.874527,-14.357622,2.388092
-9.017852,-14.332461,2.516122
-9.160915,-14.306289,2.617142
-9.303707,-14.279245,2.704407
-9.446221,-14.251361,2.788426
-9.588447,-14.222588,2.877285
-9.730375,-14.192817,2.977089
-9.871994,-14.161895,3.092264
-10.013290,-14.129636,3.225857
-10.147341,-13.405096,72.453963
-10.274596,-12.725478,67.961829
-10.402115,-12.751947,-2.646852
-10.529841,-12.772533,-2.058663
-10.657713,-12.787238,-1.470474
-10.785674,-12.796061,-0.882284
-10.913654,-12.797992,-0.193127
-11.041584,-12.793032,0.496029
-11.169406,-12.782190,1.084219
-11.297061,-12.765466,1.672408
-11.424489,-12.742860,2.260597
-11.551633,-12.714372,2.848787
-11.678433,-12.680002,3.436976
-11.804830,-12.639750,4.025166
-11.930767,-12.593617,4.613355
-12.056183,-12.541601,5.201545
-12.181020,-12.483704,5.789734
-12.305219,-12.419925,6.377923
-12.428721,-12.350264,6.966113
-12.551469,-12.274721,7.554302
-12.673402,-12.193296,8.142492
-12.794462,-12.105989,8.730681
-12.914590,-12.012800,9.318870
-13.033737,-11.914739,9.806093
-13.151884,-11.814747,9.999220
-13.269032,-11.714755,9.999220
-13.385180,-11.614763,9.999220
-13.500327,-11.514770,9.999220
-13.614475,-11.414778,9.999220
-13.727623,-11.314786,9.999220
-13.839771,-11.214794,9.999220
-13.950919,-11.114802,9.999220
-14.061067,-11.014809,9.999220
-14.170215,-10.914817,9.999220
-14.278363,-10.814825,9.999220
-14.385512,-10.714833,9.999220
-14.491660,-10.614841,9.999220
-14.596809,-10.514848,9.999220
-14.700957,-10.414856,9.999220
-14.804106,-10.314864,9.999220
-14.906255,-10.214872,9.999220
-15.007403,-10.114880,9.999220
-15.107552,-10.014887,9.999220
-15.206701,-9.914895,9.999220
-15.304850,-9.814903,9.999220
-15.401999,-9.714911,9.999220
-15.498148,-9.614919,9.999220
-15.593298,-9.514926,9.999220
-15.687447,-9.414934,9.999220
-15.780597,-9.314942,9.999220
-15.872746,-9.214950,9.999220
-15.963896,-9.114958,9.999220
-16.054045,-9.014965,9.999220
-16.143195,-8.914973,9.999220
-16.231345,-8.814981,9.999220
-16.318495,-8.714989,9.999220
-16.404645,-8.614997,9.999220
-16.489795,-8.515004,9.999220
-16.573945,-8.415012,9.999220
-16.657095,-8.315020,9.999220
-16.739245,-8.215028,9.999220
-16.820396,-8.115036,9.999220
-16.900546,-8.015043,9.999220
-16.979697,-7.915051,9.999220
-17.057847,-7.815059,9.999220
-17.134998,-7.715067,9.999220
-17.211149,-7.615075,9.999220
-17.286299,-7.515082,9.999220
-17.360450,-7.415090,9.999220
-17.433601,-7.315098,9.999220
-17.505752,-7.215106,9.999220
-17.576903,-7.115114,9.999220
-17.647055,-7.015121,9.999220
-17.716206,-6.915129,9.999220
-17.784357,-6.815137,9.999220
-17.851509,-6.715145,9.999220
-17.917660,-6.615153,9.999220
-17.982812,-6.515160,9.999220
-18.046964,-6.415168,9.999220
-18.110115,-6.315176,9.999220
-18.172267,-6.215184,9.999220
-18.233419,-6.115192,9.999220
-18.293571,-6.015199,9.999220
-18.352723,-5.915207,9.999220
-18.410875,-5.815215,9.999220
-18.468028,-5.715223,9.999220
-18.524180,-5.615231,9.999220
-18.579332,-5.515238,9.999220
-18.633485,-5.415246,9.999220
-18.686637,-5.315254,9.999220
-18.738790,-5.215262,9.999220
-18.789943,-5.115270,9.999220
-18.840095,-5.015277,9.999220
-18.889248,-4.915285,9.999220
-18.937401,-4.815293,9.999220
-18.984554,-4.715301,9.999220
-19.030707,-4.615309,9.999220
-19.075860,-4.515316,9.999220
-19.120014,-4.415324,9.999220
-19.163167,-4.315332,9.999220
-19.205320,-4.215340,9.999220
-19.246474,-4.115348,9.999220
-19.286627,-4.015355,9.999220
-19.325781,-3.915363,9.999220
-19.363935,-3.815371,9.999220
-19.401088,-3.715379,9.999220
-19.437242,-3.615386,9.999220
-19.472396,-3.515394,9.999220
-19.506550,-3.415402,9.999220
-19.539704,-3.315410,9.999220
-19.571859,-3.215418,9.999220
-19.603013,-3.115425,9.999220
-19.633167,-3.015433,9.999220
-19.662322,-2.915441,9.999220
-19.690476,-2.815449,9.999220
-19.717631,-2.715457,9.999220
-19.743785,-2.615464,9.999220
-19.768940,-2.515472,9.999220
-19.793095,-2.415480,9.999220
-19.816250,-2.315488,9.999220
-19.838405,-2.215496,9.999220
-19.859560,-2.115503,9.999220
-19.879715,-2.015511,9.999220
-19.898870,-1.915519,9.999220
-19.917025,-1.815527,9.999220
-19.934181,-1.715535,9.999220
-19.950336,-1.615542,9.999220
-19.965492,-1.515550,9.999220
-19.979647,-1.415558,9.999220
-19.992803,-1.315566,9.999220
-20.004959,-1.215574,9.999220
-20.016114,-1.115581,9.999220
-20.026270,-1.015589,9.999220
-20.035426,-0.915597,9.999220
-20.043592,-0.816615,9.898253
-20.050808,-0.721583,9.503191
-20.057132,-0.632433,8.915002
-20.062624,-0.549164,8.326812
-20.067342,-0.471778,7.738623
-20.071345,-0.400274,7.150433
-20.074691,-0.334651,6.562244
-20.077440,-0.274911,5.974054
-20.079651,-0.221052,5.385865
-20.081382,-0.173076,4.797676
-20.082691,-0.130981,4.209486
-20.083639,-0.094768,3.621297
-20.084283,-0.064437,3.033107
-20.084683,-0.039987,2.444918
-20.084897,-0.021420,1.856729
-20.084985,-0.008735,1.268539
-20.085004,-0.001931,0.680350
-20.085004,-0.000000,0.193127