-0.000029,-0.005873,-0.587291
-0.000109,-0.007972,-0.209895
-0.000410,-0.030080,-2.210810
-0.000945,-0.053477,-2.339674
-0.001780,-0.083560,-3.008364
-0.002984,-0.120333,-3.677300
-0.004622,-0.163799,-4.346599
-0.006761,-0.213963,-5.016392
-0.009470,-0.270832,-5.686864
-0.012814,-0.334414,-6.358189
-0.016861,-0.404720,-7.030604
-0.021679,-0.481763,-7.704340
-0.027334,-0.565560,-8.379682
-0.033895,-0.656129,-9.056934
-0.041430,-0.753494,-9.736430
-0.050007,-0.857679,-10.418548
-0.059694,-0.968716,-11.103699
-0.070527,-1.083285,-11.456857
-0.082508,-1.198059,-11.477412
-0.095638,-1.313063,-11.500391
-0.109922,-1.428322,-11.525885
-0.125360,-1.543861,-11.553977
-0.141957,-1.659709,-11.584774
-0.159716,-1.775893,-11.618392
-0.178641,-1.892442,-11.654947
-0.198735,-2.009388,-11.694582
-0.220002,-2.126763,-11.737447
-0.242448,-2.244600,-11.783703
-0.266077,-2.362935,-11.833525
-0.290896,-2.481806,-11.887113
-0.316908,-2.601253,-11.944666
-0.344121,-2.721317,-12.006428
-0.372542,-2.842043,-12.072625
-0.402176,-2.963479,-12.143539
-0.433033,-3.085673,-12.219448
-0.465120,-3.208680,-12.300669
-0.498446,-3.332555,-12.387530
-0.533019,-3.457359,-12.480393
-0.568851,-3.583156,-12.579649
-0.605951,-3.710013,-12.685700
-0.644331,-3.838003,-12.799009
-0.684003,-3.967203,-12.920027
-0.724980,-4.097696,-13.049281
-0.767276,-4.229569,-13.187292
-0.810905,-4.362915,-13.334644
-0.855883,-4.497834,-13.491918
-0.902227,-4.634432,-13.659762
-0.949956,-4.772820,-13.838816
-0.999087,-4.913118,-14.029770
-1.049641,-5.055451,-14.233312
-1.101641,-5.199952,-14.450145
-1.155108,-5.346762,-14.680966
-1.210069,-5.496027,-14.926455
-1.266548,-5.647899,-15.187247
-1.324573,-5.802538,-15.463918
-1.384174,-5.960108,-15.756936
-1.445382,-6.120774,-16.066626
-1.508229,-6.284705,-16.393133
-1.572750,-6.452068,-16.736321
-1.638980,-6.623026,-17.095731
-1.706957,-6.797730,-17.470454
-1.776720,-6.976321,-17.859037
-1.848309,-7.158914,-18.259343
-1.921765,-7.345598,-18.668391
-1.997130,-7.536420,-19.082176
-2.074443,-7.731375,-19.495505
-2.153747,-7.930392,-19.901754
-2.235081,-8.133319,-20.292707
-2.318480,-8.339903,-20.658343
-2.403977,-8.549770,-20.986712
-2.491601,-8.762409,-21.263856
-2.581373,-8.977147,-21.473863
-2.673304,-9.193138,-21.599058
-2.767398,-9.409342,-21.620435
-2.863643,-9.624525,-21.518320
-2.962015,-9.837259,-21.273337
-3.062475,-10.045935,-20.867671
-3.164963,-10.248801,-20.286582
-3.269403,-10.444002,-19.520098
-3.375699,-10.629649,-18.564708
-3.483738,-10.803898,-17.424854
-3.593389,-10.965038,-16.113998
-3.704505,-11.111587,-14.654967
-3.816928,-11.242382,-13.079464
-3.930495,-11.356648,-11.426617
-4.045035,-11.454055,-9.740685
-4.160383,-11.534736,-8.068124
-4.276376,-11.599280,-6.454387
-4.392862,-11.648689,-4.940850
-4.509706,-11.684311,-3.562257
-4.626783,-11.707761,-2.344946
-4.743991,-11.720821,-1.306014
-4.861245,-11.725355,-0.453378
-4.978477,-11.723221,0.213416
-5.095639,-11.716202,0.701822
-5.212699,-11.705956,1.024678
-5.329638,-11.693971,1.198499
-5.446454,-11.681552,1.241901
-5.563152,-11.669809,1.174253
-5.679749,-11.659663,1.014614
-5.796230,-11.648169,1.149342
-5.912555,-11.632422,1.574740
-6.028686,-11.613146,1.927640
-6.144595,-11.590900,2.224593
-6.260256,-11.566098,2.480125
-6.375646,-11.539032,2.706689
-6.490745,-11.509884,2.914735
-6.605533,-11.478756,3.112858
-6.719989,-11.445676,3.307991
-6.834096,-11.410620,3.505612
-6.947831,-11.373520,3.709950
-7.061174,-11.334278,3.924185
-7.174101,-11.292772,4.150628
-7.286590,-11.248863,4.390882
-7.398614,-11.202403,4.645981
-7.510146,-11.153238,4.916497
-7.621142,-11.099603,5.363512
-7.731556,-11.041371,5.823217
-7.866242,-13.468589,-242.721842
-8.017419,-15.117673,-164.908386
-8.170386,-15.296730,-17.905711
-8.324554,-15.416754,-12.002393
-8.479214,-15.466013,-4.925871
-8.633577,-15.436336,2.967757
-8.786822,-15.324530,11.180543
-8.938152,-15.132991,19.153873
-9.086845,-14.869294,26.369756
-9.232294,-14.544902,32.439213
-9.374028,-14.173390,37.151154
-9.511715,-13.768655,40.473503
-9.645150,-13.343485,42.517013
-9.774236,-12.908668,43.481658
-9.898963,-12.472626,43.604209
-10.019396,-12.043344,42.928263
-10.135680,-11.628426,41.491758
-10.247996,-11.231587,39.683902
-10.356529,-10.853314,37.827291
-10.461462,-10.493272,36.004260
-10.562968,-10.150586,34.268512
-10.661208,-9.824064,32.652198
-10.756332,-9.512345,31.171961
-10.848472,-9.214007,29.833739
-10.937748,-8.927644,28.636381
-11.024267,-8.651901,27.574263
-11.108123,-8.385510,26.639121
-11.189396,-8.127297,25.821279
-11.268157,-7.876192,25.110457
-11.344470,-7.631230,24.496256
-11.418385,-7.391545,23.968437
-11.489949,-7.156375,23.517053
-11.559199,-6.925050,23.132477
-11.626169,-6.696996,22.805373
-11.690887,-6.471730,22.526623
-11.753375,-6.248858,22.287241
-11.813656,-6.028075,22.078271
-11.871748,-5.809168,21.890696
-11.927668,-5.592015,21.715362
-11.981434,-5.376585,21.542918
-12.033063,-5.162947,21.363799
-12.082576,-4.951265,21.168252
-12.129994,-4.741801,20.946404
-12.175343,-4.534917,20.688412
-12.218654,-4.331070,20.384658
-12.259962,-4.130810,20.026036
-12.299309,-3.934767,19.604295
-12.336746,-3.743642,19.112439
-12.372328,-3.558191,18.545169
-12.406120,-3.379197,17.899327
-12.438194,-3.207454,17.174314
-12.468632,-3.043730,16.372417
-12.497519,-2.888740,15.499029
-12.524950,-2.743113,14.562685
-12.551024,-2.607364,13.574906
-12.575842,-2.481866,12.549830
-12.599511,-2.366829,11.503639
-12.622134,-2.262291,10.453822
-12.643815,-2.168108,9.418327
-12.664654,-2.083961,8.414678
-12.684748,-2.009370,7.459134
-12.704185,-1.943710,6.565957
-12.723048,-1.886241,5.746857
-12.741409,-1.836135,5.010635
-12.759334,-1.792505,4.363042
-12.776878,-1.754436,3.806844
-12.794088,-1.721016,3.342043
-12.811002,-1.691353,2.966235
-12.827648,-1.664603,2.675038
-12.844048,-1.639978,2.462559
-12.860215,-1.616759,2.321846
-12.876158,-1.594306,2.245319
-12.891879,-1.572055,2.225128
-12.907374,-1.549520,2.253465
-12.922637,-1.526292,2.322796
-12.937657,-1.502032,2.426031
-12.952422,-1.476465,2.556644
-12.966916,-1.449378,2.708730
-12.981122,-1.420607,2.877044
-12.995022,-1.390038,3.056983
-13.008598,-1.357592,3.244572
-13.021831,-1.323228,3.436415
-13.034700,-1.286931,3.629655
-13.047187,-1.248712,3.821910
-13.059273,-1.208600,4.011223
-13.070939,-1.166640,4.196010
-13.082168,-1.122890,4.375010
-13.092942,-1.077417,4.547225
-13.103245,-1.030299,4.711896
-13.113062,-0.981614,4.868454
-13.122376,-0.931449,5.016489
-13.131175,-0.879892,5.155716
-13.139445,-0.827032,5.285960
-13.147175,-0.772961,5.407126
-13.154353,-0.717769,5.519180
-13.160968,-0.661548,5.622140
-13.167012,-0.604387,5.716061
-13.172476,-0.546377,5.801016
-13.177361,-0.488492,5.788478
-13.181687,-0.432632,5.586002
-13.185485,-0.379825,5.280744
-13.188787,-0.330181,4.964427
-13.191625,-0.283795,4.638544
-13.194032,-0.240751,4.304441
-13.196044,-0.201117,3.963380
-13.197693,-0.164952,3.616480
-13.199016,-0.132304,3.264783
-13.200048,-0.103212,2.909195
-13.200825,-0.077707,2.550547
-13.201384,-0.055811,2.189549
-13.201759,-0.037543,1.826827
-13.201988,-0.022914,1.462899
-13.202107,-0.011932,1.098196
-13.202153,-0.004602,0.733043
-13.202163,-0.000925,0.367684
-13.202163,-0.000000,0.092489