0.0,0.0,0.0
5.2127572868041E-4,0.04343994078401504,3.6200197927796767
0.0012162938925272427,0.07911952475703209,4.061694894201135
0.002432531328366602,0.12399189322885029,4.57460834252612
0.004169915458143865,0.1720368083301658,4.757436026299932
0.006254624432683037,0.21934636305529362,4.977758955067603
0.009033978501129452,0.2673711370700348,4.61993618647885
0.01216039970582043,0.31631288679389136,4.951638031583582
0.01563376393292945,0.3632446240073329,4.908123687418982
0.01980119397720826,0.41080584124801167,4.688363248270842
0.024315162958109857,0.45902371365627204,4.903256303064628
0.02952262412319401,0.5075224234097561,4.7267145977721015
0.03507611104969345,0.5563783753012738,4.894653664798282
0.04097540442115471,0.6040424929430637,4.880440864927971
0.047567165041118555,0.6520173296264292,4.745382411008066
0.054504074822813234,0.7003285003370424,4.877343197193066
0.061959212268096586,0.7482864635027086,4.813632869603723
0.06993213728464073,0.7964986073440469,4.8164137185554114
0.07842237988623539,0.8449189406179561,4.8186204580862935
0.0874294404624648,0.8935111765473681,4.820407893218806
0.09677966875080317,0.9418137306989154,4.865336687500228
0.10664575804020313,0.9898447481907887,4.818854666729077
0.11702713067756255,1.0380536732734231,4.820504331623802
0.12792318007657238,1.086414445898978,4.821916648066331
0.13933327091334066,1.1349052845500964,4.8231438140774285
0.15108397384018488,1.183162349225126,4.858938428030749
0.16334752345268833,1.2311969729230572,4.822427858251909
0.17629581155469992,1.2796850565765854,4.792098815272396
0.18941029328848458,1.3279703402647747,4.889360167699239
0.203208009479598,1.3760381646794633,4.793776011302733
0.21751556490056945,1.4245152581067013,4.826565910382192
0.23215990117334742,1.4727928641778312,4.855318288021015
0.24748474738088422,1.5211479806530699,4.799740681533146
0.2631448580505884,1.5695886141951032,4.855129601290935
0.2793115816417965,1.6178354774049097,4.828157451567707
0.2959840024821427,1.6661569585678737,4.829003109923125
0.31316117940383825,1.7145445395990844,4.829819429564394
0.3306705423657483,1.762758510256105,4.85395084183177
0.3488544241596223,1.8110303288805139,4.807649353972109
0.36736872312078317,1.8593656857914767,4.854253690040501
0.386555260019896,1.907745872884878,4.810513890138364
0.4060703607151338,1.9561766223612187,4.85465596148163
0.42608431639141064,2.0044377269539226,4.83344623895363
0.4465960262227101,2.052743490257892,4.834279637324594
0.46760436685591744,2.101088785820684,4.835115734633857
0.4891081926735154,2.149468906675631,4.835956464724314
0.5111063364056778,2.197879554293742,4.836806864499267
0.5335976093743382,2.2463167615022988,4.837667951678499
0.5565808020816839,2.2947768915314675,4.838543885854629
0.5798846567263145,2.343082758225396,4.8569065117198225
0.6038481283677241,2.3914086813495192,4.822633123556032
0.6282997730117493,2.439925518624558,4.8412886361510274
0.6530687289612639,2.4882896092957187,4.858657124078077
0.6784929925369272,2.536665133483213,4.826590361415778
0.7044015107659741,2.5852131676903483,4.844237566510337
0.7306238454928605,2.633610710270302,4.8607527825751315
0.7574969920001078,2.6820128173816635,4.830661404906293
0.7848503162164366,2.7305717727325844,4.847444198956021
0.8125138301704171,2.778982969176285,4.863224919953943
0.8408234879516665,2.8273932367151,4.834917613079415
0.8696091014814324,2.8759469115340663,4.850957614464015
0.8988692328658386,2.9244941593453473,4.852204551345478
0.928602430214222,2.9730337560447135,4.853492808093808
0.9588072281836313,3.0215645679178538,4.854824116244041
0.9894821485386163,3.0700855473709674,4.856200310853618
1.0206257006345378,3.118595720010696,4.857622415878792
1.0524035403370378,3.167221439574399,4.846409414821792
1.084479648226241,3.2158326595181066,4.873582208102317
1.1171866221740032,3.2644246615863235,4.8498809507931835
1.1503557636316446,3.313122335814879,4.8642004314433
1.1838191363992023,3.3616785834950007,4.877885413851452
1.2180743413304222,3.4103321857442825,4.843787857532376
1.2526206523107215,3.4590830258487655,4.881366453206863
1.2876228814002768,3.5076917713741422,4.871246807165857
1.323245030006168,3.5563905079744838,4.861911237076874
1.3593195164242122,3.605175963978035,4.87547213666602
1.3958447419537245,3.6539323151439893,4.877516962895721
1.432819102756062,3.702659786195177,4.879631280409222
1.4704057389326228,3.7514651130186665,4.871185600321704
1.5082733292423702,3.8002406817805436,4.894921994499279
1.546913859378048,3.8490875264281668,4.865766069418919
1.5858321013497345,3.898006301723988,4.899648203905462
1.6253548522682082,3.94688829475645,4.881536877889978
1.6653161619527308,3.9958365671186717,4.894466626503086
1.7057144003074733,4.044748247691602,4.897130230080555
1.746547937295827,4.0936241250264445,4.899880964189096
1.7879781431303832,4.142560863880223,4.893130871498161
1.8300027140941653,4.191651616865468,4.89645294180602
1.8722942477794484,4.240703234032142,4.918557768587278
1.91533875339606,4.289806735420841,4.893645030242772
1.9586469659916275,4.3389634288222885,4.92491105422668
2.002541668062775,4.388077518351116,4.909850663672542
2.0468589215606707,4.437241660464185,4.922533829752066
2.0917585052815264,4.486452855926342,4.917277402778941
2.1370769505027063,4.535710459464439,4.929962325174405
2.1829735771148564,4.58501179353394,4.925137528207292
2.229285393836669,4.634356440811342,4.93784740303407
2.2761712606367563,4.683742031726331,4.933456150367036
2.3234686713843855,4.73316835880343,4.946214258143456
2.3713360254993954,4.782633336270937,4.942258760440016
2.4196113092410902,4.8321369576852815,4.955087987787677
2.4684524613204077,4.881677399643749,4.951571483904957
2.5176979670891937,4.931254842975882,4.96449378917546
2.567505304877512,4.980867716166559,4.9614207334660465
2.617872230505542,5.030594459090231,4.9666536978627125
2.668637989057639,5.0803549129888665,4.979749611680807
2.7199593683536416,5.130147906680271,4.977368610457418
2.7718341611969466,5.180049831097129,4.98304554059203
2.824102386430531,5.229983295842857,4.996366059047148
2.8769201440970553,5.279947500624207,4.9946909867240725
2.9301279759482846,5.329943352862306,5.008192422728554
2.984038577316399,5.380043075061016,4.999733941700545
3.0383354742441813,5.4302463948984565,5.020846714717243
3.0930172982526245,5.480407190224682,5.0272935908426755
3.148395325749367,5.53066957527725,5.019764270359105
3.204154620354128,5.581033595136793,5.041012244050927
3.260449696604954,5.631427000027758,5.041058647152055
3.317278533510785,5.681920154330421,5.048459315882706
3.374639133934494,5.7325120278197055,5.056058010985899
3.432529525725967,5.783201735603271,5.06385942397987
3.4907929299631557,5.833921434675651,5.078569360178112
3.549737339633591,5.884738101540223,5.073301732313619
3.6090514435422016,5.935652525964698,5.095083833835031
3.668888212024843,5.986597621939045,5.0969963476212925
3.7292458126376955,6.037640251858966,5.1058530133093765
3.790122444048494,6.088780234887113,5.114936727905243
3.8515163370755707,6.1400175072841545,5.1242515180552966
3.9134257556989733,6.191352116925112,5.133801142689434
3.9758489981581997,6.24278422929516,5.143590229116967
4.0387843980047595,6.294314120317227,5.153622944628616
4.102230325121644,6.345942170366671,5.163903104118667
4.166337340041926,6.39773022486736,5.168326773257916
4.23079934249276,6.449617140072534,5.191441856123192
4.295767211351786,6.50154207692865,5.196294225757026
4.3613909098710275,6.553627744823564,5.201628160651296
4.427365894243806,6.605814669986739,5.225270746204791
4.493993415027607,6.658102800981431,5.225164426626673
4.5611206923141525,6.710552994452006,5.243320108919413
4.628746428818666,6.763106358561393,5.255750389472795
4.69686937338625,6.815764171521029,5.268463323174208
4.765488322166105,6.868527799848663,5.281463129840834
4.83475192692984,6.921455852822341,5.289057410205111
4.904508820058334,6.974549204658706,5.308467424730017
4.974757951436813,7.027751472232576,5.3223763330819125
5.0456474523738155,7.081120433324471,5.3310015714309245
5.116877897366939,7.134601564228987,5.356790347792094
5.188746436121409,7.188195826918464,5.3604269975129615
5.2612515779674345,7.24201613350519,5.375722585840756
5.334243651069643,7.296007799214263,5.396799917634461
5.407721949562023,7.3501171141226465,5.412615829458903
5.481685827989527,7.4043462614688975,5.428749721520102
5.556282313496374,7.4587512435538414,5.439843781170532
5.631510259597051,7.513387322481844,5.456775627217028
5.707074207953125,7.568148709204862,5.484656734573114
5.783415369648401,7.623089911442011,5.486184847019733
5.860091853031857,7.6782137500949466,5.519979493403701
5.937543797752379,7.733520727034474,5.522361692205874
6.01533068018001,7.7890137797167665,5.556671491791112
6.09374540718264,7.844641754092221,5.565045587248249
6.172787399420876,7.900511184553619,5.584336220986487
6.252310352667136,7.953874775802602,5.337419009919413
6.332168801684533,7.975609784455964,2.170715181849139
6.4119271810455984,7.988269135406275,1.2679081907225462
6.492023778392659,7.997755663654794,0.9472429234323152
6.572024173041742,7.999791919944517,0.20361932819103123
6.651930844519101,7.999923928263438,0.013216124382816571
6.731891040835782,7.999961984077305,0.003807457688143707
6.811906753767735,7.999982328032264,0.0020339915022894897
6.891979997235121,7.999990839879922,8.504052084247952E-4
6.971968499953408,7.999996388015351,5.548930393639357E-4
7.052018924831489,8.000003167966492,6.775683038399271E-4
7.131989325387437,8.000004701300345,1.5339022870462272E-4
7.212026096902799,8.000006790653174,2.088394684958531E-4
7.291987603819486,8.000005003495602,-1.7880190194707803E-4
7.372019995055122,8.000006141287262,1.1373320385621875E-4
7.451981932115676,8.000004993363925,-1.1484704803597948E-4
7.532019339134029,8.000006263280998,1.2693245464808796E-4
7.611991160577444,8.000007099202362,8.362166481520472E-5
7.691899966872472,8.000005069159352,-2.0323610281135855E-4
7.771891379099666,8.000006535691073,1.4666903640956375E-4
7.851967675883642,8.000004877126763,-1.6569850381518105E-4
7.931988325335427,8.000006085875837,1.2084380739066718E-4
8.011955955222625,8.000006066187847,-1.969597434530916E-6
8.09201586887661,8.000004611701767,-1.4533984383392014E-4
8.17202788250863,8.000006736918516,2.124899441925974E-4
8.251994669833277,8.000006608995504,-1.2797624872755649E-5
8.331918916958402,8.000005607057641,-1.0028882105092983E-4
8.411945685644197,8.000005994930453,3.877433596095677E-5
8.49193519923114,8.000006408776406,4.139005387432106E-5
8.572032440270135,8.00000572419696,-6.83748829826294E-5
8.651955634564409,8.000005509658198,-2.14745080214204E-5
8.731991992568515,8.000005618952045,1.092442748288482E-5
8.812002082886158,8.000004456886725,-1.1619194161141193E-4
8.8919887321322,8.000004772997887,3.1616411360113355E-5
8.971954786164183,8.000004299465274,-4.737338836658457E-5
9.051903110971047,8.000004442817849,1.4344531091857331E-5
9.131978559533126,8.00000463714208,1.9414124803646714E-5
9.21190008924379,8.000004783497952,1.4649965731493077E-5
9.291954555099862,7.9970558937175,-0.2945798981543963
9.371577182249812,7.962042930510319,-3.501199673491588
9.450770989409703,7.91815068127499,-4.38854319105691
9.529538924600967,7.874104235203507,-4.403140779493082
9.60774193234268,7.82993852314785,-4.422014193737858
9.685666675080151,7.785608454424111,-4.429101023836691
9.763032002584511,7.741109417215267,-4.452536130929964
9.839982504158677,7.696477064021442,-4.4640629449113955
9.916520768004593,7.65166598827528,-4.479842721219855
9.992649315082502,7.606671175313335,-4.495826597688408
10.068228514163858,7.561530310302261,-4.516242870569195
10.143402753062233,7.516239423335902,-4.528375080652118
10.218032163812017,7.470795350953376,-4.549189940974327
10.292403286563326,7.4251503753502925,-4.55715599272873
10.36609160183318,7.379344985703837,-4.587074235147646
10.439525889610263,7.333374880764322,-4.590716721497919
10.512281133362015,7.287238109653059,-4.621105220202575
10.584786325615584,7.240930543976297,-4.624632475332105
10.656758456799675,7.194404186447455,-4.650819919858606
10.72819911848337,7.147747674746429,-4.6680554905736695
10.799109813450498,7.100959885712318,-4.685304709344865
10.869777571074643,7.053944130152581,-4.693038580892841
10.939775573074705,7.006745731885084,-4.724523074420077
11.009390788154445,6.959410044998271,-4.732132974517726
11.078481589558555,6.911887955717087,-4.754140201847263
11.147192272455294,6.864176978965152,-4.766312521689635
11.215237557581125,6.816326310548191,-4.793363265429851
11.283048307580493,6.768283704142245,-4.795198254626396
11.35019545812931,6.720048961044065,-4.827305888542513
11.416966747347715,6.671671419988708,-4.833800003061642
11.483075686597632,6.623152466179429,-4.860892221603341
11.548954233591049,6.574437916483124,-4.8615337955130675
11.614171607369249,6.525528156435517,-4.893818898635999
11.67887205625825,6.476530276500208,-4.904699400614225
11.74320027739459,6.427336532069093,-4.915179452284757
11.807012567492459,6.377946593202538,-4.9364533360157035
11.870309181215026,6.3284159858671165,-4.9520861988772
11.933090299771264,6.278746020035993,-4.9674983091951574
11.995356031919385,6.228938129825142,-4.982680774755353
12.05710641518301,6.178993889639763,-4.997623312079831
12.118341416984398,6.128915000679931,-5.01231721620267
12.1792062764982,6.078642817715543,-5.020740150366602
12.239410302285709,6.028238937077399,-5.046948802312453
12.299244104533312,5.977704070047327,-5.048692695056978
12.358562048533877,5.926978961316009,-5.068393001924149
12.417217782553035,5.876189907339633,-5.088098058441014
12.475502702621009,5.82527657038769,-5.088524930985993
12.533270498805514,5.774177723959355,-5.107583121643325
12.590520626967923,5.722958701075295,-5.120064567250659
12.647252483764525,5.671622137858068,-5.132241475336517
12.703465407700996,5.620170737518987,-5.144113387819566
12.759158680614705,5.568607308690189,-5.1556762893438535
12.814331529006074,5.516934746107651,-5.166928375889819
12.868983125291267,5.465156018768616,-5.177869313906377
12.923112589290398,5.413274189664165,-5.1884970892786
12.976718989534394,5.361292394181549,-5.198812147212965
13.029801344633842,5.309213843052835,-5.208814945393754
13.082358624769805,5.257041831595342,-5.218505332867179
13.134389753036015,5.204779722266176,-5.227885228388405
13.185893606839253,5.152430948126944,-5.236956539250808
13.236869019441102,5.0999990250902485,-5.24572029380792
13.287463685022173,5.047409526103262,-5.246417485151208
13.337378737592166,4.994743008892347,-5.270067947400463
13.386761598467695,4.942081278142064,-5.270220254584414
13.43561093842869,4.889351101641061,-5.277785672657201
13.484075069176171,4.836474030643307,-5.276863048047354
13.53185342804422,4.78353514286215,-5.30020360943263
13.579244131244625,4.730536235246339,-5.290346755245592
13.625945769560875,4.677483523356955,-5.313586304008847
13.672257176557453,4.624378859081753,-5.302712716351324
13.71787610005994,4.571228712235213,-5.325892385671619
13.763102098695255,4.51803499543364,-5.3140025936105735
13.807783129634013,4.464713728839349,-5.3280818727960115
13.851917584316025,4.411356278323336,-5.333219273355225
13.895503830355972,4.357967085136169,-5.338113917826559
13.938540213126535,4.304550694277055,-5.34277157037568
13.981025057321899,4.251111758445308,-5.347198342742952
14.022956668305685,4.197655023104869,-5.3514026376747434
14.064485551208854,4.144086348368543,-5.345513728183356
14.105305735771969,4.090508230824588,-5.36895492147462
14.145720105685246,4.036922786341288,-5.352559060429398
14.185574684674034,3.9832345369401327,-5.365829841100538
14.224867701797185,3.9295477297591317,-5.36901685647895
14.263597375668043,3.8758677259773626,-5.372020298488744
14.301761915840574,3.822200041670384,-5.374848596816941
14.339513078425476,3.7684400478606785,-5.366492043512772
14.376695879335756,3.714590044608788,-5.379656214288138
14.413308506008145,3.660762765316663,-5.381992981659365
14.44934914268277,3.606964265912349,-5.384179715329204
14.484815971498156,3.553200793481983,-5.386227618327533
14.519861651307465,3.499359063640812,-5.376170368130475
14.554330248273164,3.445441733131754,-5.389515008685436
14.588219942412156,3.3915713981689164,-5.3911695549805225
14.621528917372249,3.3377550882015314,-5.392710602385123
14.654410551458362,3.2838717008028464,-5.381305885180196
14.686708197373106,3.229924280942172,-5.395008718658095
14.718575588675542,3.175911297517335,-5.3829459287572545
14.749700027483604,3.1219715067454246,-5.410490801398473
14.780390969885156,3.068108244173425,-5.384595813091357
14.810491099988452,3.0141943555360537,-5.398878285843947
14.840154858604722,2.9602282914966866,-5.38542238077813
14.869224610767809,2.906213794848894,-5.400034867822715
14.897698612203666,2.852298536600644,-5.400800886673985
14.925731824096905,2.798339991825907,-5.3862666297001915
14.953166158652175,2.7443424641371785,-5.401541921713355
14.979999916733902,2.6904631341252254,-5.4021635973248
15.006388569977213,2.6365509325069376,-5.386491843278371
15.03537960915336,2.8873871603662304,24.98224707555579
15.065019063199822,2.9643594945191034,7.6983087881338665
15.095301313889449,3.0281344505789973,6.37730476206894
15.126222367147667,3.092196507030062,6.4063945537979885
15.157778222087485,3.156538696605334,6.436162531676217
15.189964876295349,3.2211546887337863,6.466596517537108
15.222778331007877,3.286038679479906,6.497679233676166
15.256214596398236,3.351185309066541,6.529390332835643
15.290444127786273,3.416755888868454,6.545186439596021
15.32528769181672,3.4827409003450396,6.5954417888601045
15.360741348746942,3.5489636768278094,6.628998209651691
15.39697433868134,3.615578729939985,6.647311457384054
15.433808775424094,3.6825778488746224,6.6983370210309765
15.471240821295325,3.7497931778336313,6.733363782556479
15.509438528954327,3.8173722044723934,6.753659151462449
15.548225439161067,3.885306980089535,6.805065329751981
15.587768829194435,3.9535836074864052,6.826358453914655
15.628063749093748,4.022338662870982,6.86329984604163
15.668935233464376,4.091411800111165,6.914518841852245
15.710549425418765,4.160788698739481,6.936638733311871
15.752901578649094,4.230598696270136,6.973390064340651
15.795818285928371,4.3006863758837275,7.023491501106377
15.839632891939358,4.37117064653519,7.031873682416865
15.884003871013924,4.442036660799201,7.094489234426064
15.929095567809963,4.513127304658729,7.115303896401394
15.97490368748201,4.584558101007615,7.148921160860186
16.021590557267423,4.6564335992852355,7.16868547160261
16.06881862104831,4.72860050678059,7.225544475812691
16.11675087105756,4.80090402372478,7.241935134691487
16.16554865265631,4.873569013673904,7.257252928155017
16.215042164207052,4.946563165850351,7.295303427971374
16.265227801573882,5.019728694329278,7.318251237039854
16.316102084289515,5.093032221748573,7.33842733864376
16.367825122515068,5.16655364041011,7.343968302430831
16.42022937008081,5.24025201221556,7.369594242642508
16.473311733669632,5.313967552446728,7.379512938304694
16.52723144556029,5.387767647399052,7.374256093308095
16.58166085373286,5.444850120408188,5.710249669656065
16.636114351290157,5.438009314503657,-0.6831584360289882
16.690272183592736,5.425637661093166,-1.2394164577882205
16.744460044480412,5.4140528536577195,-1.1574688265507567
16.798519801750167,5.403232726152643,-1.0814637354889407
16.852454616449897,5.393188930917093,-1.0043250466388922
16.90626756537573,5.383915042206265,-0.9278404162311474
16.959961644537966,5.3754050961657756,-0.8519450939074299
17.013698586351612,5.367642100175829,-0.7754252976218027
17.06732175778101,5.3606238063914855,-0.701607751606777
17.12083395839985,5.354357164525498,-0.6270315626087556
17.17423792135032,5.3488367999397015,-0.5529089530861361
17.22769384937053,5.344051540362434,-0.478387987301597
17.28120345110608,5.339994501597009,-0.4048724714342969
17.334454557466984,5.336676552773723,-0.3325155268798733
17.387920527659258,5.334090678432579,-0.25798256665112546
17.441133071348865,5.332236328457026,-0.18581769672569043
17.494563779974392,5.3311132960080805,-0.11205191498361541
17.54774601569191,5.330721919261822,-0.03922965200357588
17.601149702780795,5.331062518053406,0.03400052600272729
17.65446510247523,5.33213815906574,0.10757616974071191
17.707849702576635,5.333949968389169,0.18102786693310663
17.761150367929915,5.336499323209714,0.25524316036742867
17.81452410427577,5.339788173409587,0.3290338020856949
17.867972639778973,5.343824877476638,0.4035927161226987
17.921497739550723,5.348614980192103,0.4786616979669525
17.974947285071853,5.35415608727492,0.5550646301750183
18.028631185210102,5.3604606793633796,0.6295279944746789
18.082243685835007,5.36753539284442,0.7083007612235985
18.136093966592764,5.375387125427801,0.7837675430305002
18.189877187807443,5.384022855908557,0.8644883894229576
18.243748915279912,5.393436086759952,0.9424175044852249
18.297864042190508,5.403661533017813,1.0210610924526011
18.351919022139782,5.414694174985618,1.1051411406282357
18.406221510929992,5.426542020424956,1.1839757727579523
18.460621070025358,5.439232199320292,1.2688490644132575
18.515120114017034,5.452756980219275,1.3531860020173407
18.569873155287514,5.46714597523823,1.436755555129695
18.62473048042612,5.4824115566558715,1.5256339927564182
18.679694756897046,5.498543613299123,1.6138267020043726
18.734768730303774,5.515551551962417,1.7033120490005738
18.79010678321004,5.533469793821344,1.7917155533589046
18.845711532557534,5.55233826750103,1.88408633597727
18.901434348596283,5.5721464156810905,1.9807667617883624
18.957278341227088,5.5928785134464984,2.076357700592773
19.013397927562863,5.614575070228045,2.1706672263512448
19.069796190740387,5.6372807133871286,2.2695394690232003
19.126476342454794,5.661012640904139,2.370260798590528
19.183290641015084,5.68575530081315,2.4761497246083426
19.240393694486954,5.711522723577358,2.5772916104791364
19.297789063302616,5.73836499684109,2.683679267345695
19.355480429544883,5.766300698162182,2.7921969009192744
19.413471594318317,5.795347115701078,2.902753768839813
19.471615447624735,5.825483068879681,3.019347274445693
19.530218053875867,5.85676378989061,3.1262055710183336
19.58913253407632,5.88925096067166,3.247505555184907
19.648363131833413,5.9229227298354195,3.3670990077070555
19.70791419120835,5.957798617795111,3.489165755598254
19.767941384854257,5.9939429854030255,3.6091522113004806
19.828146850787938,6.031331386336517,3.7455375942693316
19.888837765877707,6.069982478425159,3.865676623973032
19.95001911198122,6.109941126304814,3.990513474783028
20.011544418268375,6.150238225886672,4.028208507959101
20.073418588070783,6.1901802854037165,3.995989767142071
20.135646586349118,6.229781984232871,3.964613304888779
20.19838541283598,6.269119527594449,3.9307678365214995
20.261488458121626,6.30822003700779,3.9087593288394658
20.324960865197525,6.347062733913999,3.8841607775063176
20.388807811648523,6.3856743787330235,3.861756978946893
20.45303450278788,6.424080860606955,3.8414923881760203
20.517646164384473,6.462307140032329,3.823302982204757
20.582648035860295,6.500377281420486,3.8071254959497036
20.648045363362524,6.538314427977751,3.792891883589818
20.713843392336603,6.5761407412095485,3.7805260037710227
20.779893638341328,6.613833942156492,3.774347362666809
20.846508525436775,6.651458002743265,3.7567407196385916
20.913385547145577,6.689032967101917,3.758244145905483
20.980683572322953,6.726533613223513,3.7482430723586475
21.048252956081356,6.763978305948746,3.7483705663497435
21.11625296493881,6.801383683948587,3.7412984482598626
21.18468859786197,6.83880833423656,3.7398647365859703
21.25340917607907,6.876224611353525,3.7438964026770987
21.322574601267636,6.913646286602574,3.7406005300869527
21.392033429750644,6.951086769304013,3.746853346453876
21.46194599462437,6.988557989208385,3.7456756693317543
21.53216003826607,7.026071539198725,3.753848550105355
21.60283633767844,7.063637654219721,3.754489507675208
21.673821776440334,7.101266246503164,3.764302326596028
21.745277587155744,7.138965970584076,3.76648231430661
21.817049753389973,7.176745169201356,3.7776716991935864
21.889141352078713,7.214569541994741,3.785275578065755
21.96171431053669,7.252487351863363,3.789268652204487
22.034613187250688,7.290504816529008,3.802068313679224
22.107840667426476,7.328585717989081,3.811125958430957
22.1815593954126,7.366776288751792,3.8164167889819884
22.255612438377902,7.4050809085517315,3.8303464305006854
22.330002072592585,7.44346162925447,3.8403928836307997
22.404891677556982,7.481963015688651,3.8465411787152255
22.48012277541433,7.52058783063174,3.8611866833608577
22.55569722078447,7.559296655587805,3.8718311407909827
22.63161672356632,7.598091189472994,3.8825913673296153
22.708045660038845,7.637014115832189,3.889298369885538
22.78482342962564,7.676066448637057,3.9043632446964134
22.861951309801437,7.715207112724639,3.9152940451232547
22.939430431604112,7.754436204527302,3.9262124126810654
23.017426180271766,7.793794980350671,3.932960894471654
23.095775791002985,7.833283031935957,3.9479594290310196
23.17447995657022,7.872857944098812,3.9587188220957943
23.253539223523962,7.91251860180156,3.969372648196878
23.333119983556376,7.952305085179818,3.9757631613655224
23.413057292162755,7.990352043526415,3.8030876529966116
23.49301769356243,7.999983436055997,0.9636142309701247
25.49446401239137,200.19150040522823,19223.652308460358
25.56704501356038,7.258147159170911,-19293.46037141767
25.63986387495788,7.280512828427438,2.2361451252257716
25.71291333001588,7.302388953746756,2.1868469211129957
25.78603149889075,7.323768035682385,2.1414025996787527
25.859519717061257,7.344687735290851,2.090793122562443
25.933216973393396,7.365184779797213,2.0484415260822773
26.00711616345801,7.385248059036066,2.005059783836362
26.081052547791092,7.4048722639326074,1.9654021744625032
26.15533374756688,7.424091303628882,1.9208616164506749
26.22979585981995,7.442938900930788,1.883931450543058
26.304431972304908,7.461406257089008,1.846190030578177
26.379235224583795,7.479505259924201,1.8097018883685436
26.45419880926771,7.49724916363165,1.774601198584032
26.529315973146662,7.514649360524576,1.7406990853000301
26.6045800184194,7.531716526335729,1.7079211505541114
26.680147487378783,7.548480782562682,1.674591827749692
26.75568606430177,7.564933611669167,1.6476953231670195
26.831516205452598,7.581086950161245,1.6149233244898404
26.90746822592978,7.596967295819836,1.5884036508400556
26.9837013500433,7.612584423725786,1.559515053628451
27.059878458284768,7.62792987303358,1.53660350060811
27.13632513351025,7.643015565145328,1.508243220270862
27.213036831717165,7.657881050815498,1.4839734184701487
27.289673059199348,7.672503608726629,1.4639503016774462
27.36656301507385,7.686891786963778,1.4384241460748195
27.443533151729994,7.70106871786462,1.4184399796968705
27.52074699035848,7.715043798039712,1.3963605170663769
27.598029968957373,7.728825774211334,1.3782917608239909
27.675376113699755,7.742405154653726,1.3593058255762298
27.75295063294918,7.755804138138026,1.3396137360548064
27.830577541220737,7.767717059907016,1.1920635217701936
27.90807894882164,7.742076373001322,-2.5614006561319833
27.985102630103192,7.699142637123636,-4.291575668249363
28.061638873945764,7.656027082287726,-4.312909007797118
28.137678246341473,7.612743041439684,-4.333416628645434
28.213385436812032,7.5692532433564335,-4.348137781213401
28.288752785137476,7.525518011432089,-4.367014136673584
28.363598157772337,7.481597421783179,-4.390333813735674
28.437913107446644,7.437553236623813,-4.408009065768755
28.51186486956863,7.393344394726111,-4.419789117432424
28.585270801665256,7.348980952460866,-4.441413423696048
28.658299318568293,7.304471700207031,-4.451912585287515
28.73094395761892,7.259771577933058,-4.467124917346915
28.803198428201632,7.214887541143895,-4.481844171228972
28.874879457294586,7.1698821835748685,-4.50165288477011
28.94598014875779,7.124819856613252,-4.515581428451717
29.01684936539343,7.079596401187009,-4.517671105790913
29.08712629082454,7.03421898956476,-4.541955251634004
29.157161320578794,6.988692523483336,-4.543019032622495
29.22659277109499,6.943023818337774,-4.566790773070943
29.295414702115874,6.897336638496687,-4.578770963748221
29.363979674016477,6.851519722497115,-4.578365525331691
29.432104244558232,6.805518559701433,-4.595431056434803
29.49960409716422,6.7594588809464575,-4.6124323623521954
29.5668337456205,6.713284901329287,-4.61074968136744
29.63342929253302,6.6670026046289985,-4.633405789945122
29.699746457705263,6.6206156123413455,-4.6309344579422795
29.765420707251828,6.5741296754328316,-4.653339466085341
29.830628162703444,6.527612949637019,-4.6565715465580775
29.895545897968148,6.480941497425415,-4.659357726358426
29.959808519230545,6.434184323004163,-4.6814815944213475
30.02377444667399,6.387344435492726,-4.677216555951723
30.087077771942948,6.340427122436466,-4.699212923647531
30.150077877333054,6.293435184534052,-4.694289216711913
30.2125901866522,6.246304891588326,-4.709315374447668
30.27442957412421,6.199176510444631,-4.7244509576282
30.335956747430583,6.15198499576353,-4.718589765205634
30.397169203379804,6.10459330960536,-4.726276143732412
30.45769972897783,6.057144200292311,-4.748118316255681
30.517727685645173,6.00971233238407,-4.748652083825448
30.57743307466805,5.962157639409745,-4.748793712708522
30.63644817085101,5.914555919079214,-4.770695211043232
30.695135926258853,5.866909178548715,-4.763158812322735
30.753311314324254,5.819146598606121,-4.777578007750322
30.81115515009156,5.771268421187722,-4.776962138375322
30.868299129712632,5.723353235161543,-4.7990275926666275
30.92510743731859,5.67540273520931,-4.7904683320473405
30.98139492686068,5.627342789497218,-4.804793945630338
31.037159637354904,5.579252765195489,-4.8114013089251895
31.092399687850616,5.531135657974894,-4.817921872230975
31.14729691729005,5.4829132685310995,-4.8162572432433475
31.201666106179463,5.434586761028111,-4.8305778189309105
31.255505589134664,5.386238575047557,-4.8368752831213175
31.308813773000683,5.337871569194017,-4.843100002835191
31.36177305248276,5.289403868447875,-4.840799314654068
31.414198174194887,5.240836416450663,-4.855192754322845
31.466087738847147,5.192254954449192,-4.861234401598249
31.517624497946766,5.143574720125893,-4.858482120521585
31.568439057311956,5.094884966636749,-4.881842845439181
31.618898420859082,5.046186639866972,-4.870074227155316
31.669001565739745,4.997303289742754,-4.8756405804714475
31.71837898079237,4.948414643016609,-4.899432161021232
31.767398100578145,4.899521459490257,-4.886933975091028
31.815873699619043,4.850534733092137,-4.901678835450735
31.8639891951708,4.801452968789521,-4.897877081422293
31.91137498626775,4.752372392306523,-4.922344257143666
31.958583400997075,4.703196658316621,-4.899193270895966
32.00506044778448,4.65392818262196,-4.933444859331129
32.05117422563699,4.6046621973380955,-4.919423881877244
32.096555106315954,4.555403536034178,-4.944661199318606
32.14175586353682,4.506050935875681,-4.9199470054326
32.18622240707725,4.456606861605837,-4.955474006122957
32.230323152744795,4.4071709347527595,-4.940337780270107
32.27387303628501,4.357642714339713,-4.955840780557082
32.317056079546816,4.308019754219471,-4.950477694792718
32.3595027067586,4.258410243426677,-4.977018500842799
32.401766120720104,4.208704671578096,-4.949814812242192
32.4432922359154,4.158905522134228,-4.987462868742877
32.484449778423645,4.109119729844487,-4.970553849825489
32.52486926127645,4.059352809953171,-4.998121495992818
32.56510404185905,4.0094891679413,-4.969027533535741
32.60460012430986,3.959531409278515,-5.008327466624286
32.643726351336035,3.9095919884677874,-4.990073777871098
32.68229790707795,3.859556402286334,-5.006673007459301
32.720499107337076,3.8094210219164872,-4.999496629089734
32.75796065465592,3.759309206769684,-5.028778081320072
32.795051446833384,3.7092206332665656,-5.009048322281933
32.83177129765636,3.6589066177629572,-5.013481268752803
32.86775102470702,3.6086181217135938,-5.043728594770768
32.90335953163936,3.55835461918639,-5.022826897348187
32.938412201536536,3.5079895406143113,-5.040419727265875
32.97309342094446,3.4575182017004527,-5.031702343170611
33.00703417679925,3.407077273537361,-5.0634152266920145
33.04060334250123,3.3566660313348162,-5.0407479828641195
33.07380084063637,3.3060077926677933,-5.044854016234243
33.10625779283946,3.2553814203246016,-5.077745774564372
33.138343024330844,3.2047858823338142,-5.053660463864125
33.16987212216795,3.154079980066351,-5.0724721664819885
33.20084510890654,3.1034095506453614,-5.077040064867078
33.231446354964454,3.0526237271655385,-5.066133890912498
33.26149153324678,3.001720919314586,-5.085542237168628
33.290980699491925,2.950854367956577,-5.089997594706837
33.319913919354164,2.9000280098635525,-5.094416135187266
33.34847552645659,2.849079743096148,-5.082195629689808
33.37648130591308,2.798007582564054,-5.1025286637255505
33.40393134874299,2.7469760036785402,-5.106823457325592
33.430825753288964,2.6959893635548684,-5.111079489484039
33.45734880234461,2.64487256824617,-5.09735548899341
33.48331638856232,2.593623128662222,-5.118755771964712
33.50872862866379,2.5424184343260623,-5.122876152771232
33.533585644469554,2.491263337763603,-5.126955608896908
33.55830583274241,2.4694467805565297,-2.179385786352946
33.583508962970676,2.520912925265992,5.14783950392738
33.6092144001276,2.5738054495246785,5.295963898418333
33.63560407556432,2.626873118147813,5.282445874831521
33.662302531578234,2.679923351223823,5.325047947873345
33.68967673282423,2.732945269928274,5.293524389027639
33.7175371303993,2.7861184444097726,5.317467626639134
35.71771968403895,200.37074098115468,19793.281944254915
35.744088232642206,2.629683606827979,-19720.327606878775
35.77086928450579,2.67646281330411,4.675051869022672
35.798057985584286,2.7230819631411265,4.669136848121547
35.82564940256862,2.7695370695165735,4.663013111945708
35.85380287345321,2.8159586459625388,4.643166026956143
35.88251152721909,2.862468543810327,4.637386366175275
35.911605206376656,2.9089173072342915,4.64415693497619
35.94107861124926,2.9551645595032143,4.6370021200555325
35.97108826833509,3.0013307152661337,4.61717709405152
36.001626814293076,3.0475283467652154,4.610193024269745
36.03252613924708,3.093620676356522,4.614734595572664
36.06394053827545,3.1395951157402133,4.594744123787939
36.0958622709248,3.185557819934706,4.586745130048696
36.12812487559602,3.231380593907693,4.58954954456641
36.160880323096194,3.277051884632097,4.5692304872709455
36.19412050631117,3.3226716586194134,4.560129200249508
36.22783718616819,3.368224339246049,4.550615548601052
36.26186626263075,3.413592014383404,4.551011947985
36.29651144248679,3.458864877893787,4.519899107708998
36.33160763599231,3.504130855458096,4.519518866358411
36.3669926269423,3.5491744635818545,4.51795010846292
36.40296524546527,3.594080615248311,4.48664389295891
36.4393622587645,3.6389319804850513,4.484188468613665
36.47617454471581,3.683616690976905,4.471369846929477
36.513543133512215,3.728210618313917,4.449072302836362
36.55115729345382,3.7726096564408413,4.4531165984923815
36.589307239295216,3.8167977163049764,4.420894506077457
36.627980821165,3.8609327598894634,4.406171536121112
36.66701882090585,3.9049097510017314,4.398949294380299
36.70655735500964,3.9487096067127383,4.374287386696205
36.746438649490536,3.992316548242981,4.365272405409474
36.78679677295869,4.035711911023332,4.339428283726791
36.827618736020504,4.078955429557356,4.320918728245123
36.86874902588123,4.121951637562962,4.308948237365492
36.910459943013,4.164754400754842,4.273773118070451
36.95245425524078,4.207344985690284,4.267084623121977
36.99500013783403,4.249699298447367,4.230564328181376
37.03794234489123,4.2918660971566345,4.214367779580715
37.081266870321926,4.33375235969699,4.189882920091188
37.12495954981162,4.375336936587739,4.164233857650582
37.169141494547674,4.4166614501350185,4.131017478298509
37.21379510111595,4.457762703336897,4.103131810945751
37.258769212326065,4.498550662483632,4.07982938859372
37.304181236688116,4.538998324543497,4.042803043918882
37.34988177479201,4.579081029754356,4.0161880508936525
37.39611578376199,4.61882697434473,3.9706623994906454
37.442732340288416,4.658261867872713,3.9406184084167046
37.48971256036776,4.69729692630289,3.9029033851368697
37.53703735764605,4.735901187805546,3.8632171381458065
37.584812922982664,4.774092970634926,3.81640951095173
37.63289194464021,4.811837459108216,3.7775382536751763
37.68137781124293,4.84909724467767,3.726370924181347
37.7302469997848,4.885881916014362,3.677686612629129
37.77947572448396,4.922149904209505,3.6262664879398234
37.82903994540774,4.957859056540525,3.571950511599105
37.878915377769225,4.992966608688371,3.514572752302766
37.929194333818245,5.027468531220712,3.449899191002149
37.979848161222456,5.0613552053918855,3.385973054731594
38.030733685867695,5.094536151640066,3.321996410285726
38.08205138356517,5.126994898203479,3.2428545219184635
38.133656161771555,5.1587109267275695,3.170516928592887
38.18551817965352,5.189589480035809,3.0898723565264254
38.23771606777105,5.219602516035523,3.0011964826094406
38.290215237954826,5.248715483652082,2.910630460809402
38.34298076575439,5.276819693257002,2.8105631250388727
38.395559687862,5.257334779491271,-1.9482848013947742
38.44752203584601,5.195875156256915,-6.145536948686541
38.498867179277504,5.134212009728243,-6.165951564388397
38.5495945448133,5.07234335651466,-6.186385766139508
38.59970361907933,5.010267461965255,-6.206796656870808
38.64919395113683,4.947982807953607,-6.227143452803731
38.69806515584892,4.885488193188335,-6.247374182246379
38.746222448894166,4.822844659303661,-6.273609119843788
38.79385592627917,4.759989799745363,-6.28105498038008
38.84077787547901,4.696923543184648,-6.312981243787799
38.88717293488622,4.633646013037265,-6.319760746694892
38.93285914708051,4.5701580349409365,-6.35093344979489
38.977928245378,4.506523085602771,-6.3629488735417645
39.02238038933261,4.442680764256072,-6.380593324858349
39.06613106964655,4.378695991128509,-6.403783154376726
39.109268134959784,4.314571911684637,-6.413694348982103
39.151792035478216,4.250249818754633,-6.428971954235
39.19362262615675,4.185796920885111,-6.449508292092845
39.234843978867964,4.121218577183865,-6.45639825577446
39.27545688497594,4.056458257567971,-6.468326412550566
39.31530882773168,3.991648831498348,-6.491439361600871
39.35463498103079,3.926735388273352,-6.481638637460812
39.393210282754445,3.8617272815271377,-6.5078837526853
39.43118947663611,3.796697362674758,-6.500899470669882
39.46850249807473,3.731594057179384,-6.510839876339938
39.50515480896474,3.666492607234995,-6.512385689886531
39.541151993766654,3.6014064676514344,-6.511665991120576
39.57656751147683,3.536287311988869,-6.502235709822553
39.61127048450352,3.4712141202833644,-6.509038338770696
39.64533590353057,3.406266554625689,-6.494231599747331
39.67870585257509,3.341462788366134,-6.489053166169784
39.71151596735443,3.276759227354936,-6.46197040187409
39.74364577060682,3.2121768479457877,-6.4566229146730585
39.77510543556637,3.1478620811309583,-6.435351933133636
39.80596457433553,3.0837769662272043,-6.404073772002444
39.83611373126367,3.0202513643209774,-6.363802685558191
39.865738027727154,2.9577292721212474,-6.242289077863649
39.89467350210253,2.8962854895319183,-6.150192446366147
39.923043968328045,2.8359923305756394,-6.0270753052481
39.95080327496593,2.776802709278063,-5.920821543718056
39.97801518763658,2.718729846043694,-5.802033412034291
40.00463606485894,2.661788009131709,-5.693542607339226
40.03067726002353,2.606045188071695,-5.5784041275701055
40.05619989809427,2.5514599610705053,-5.456803515900881
40.0811639785169,2.498046824035252,-5.344820040385627
40.10562898804892,2.445820667011568,-5.221163475940239
40.1295572958857,2.3947966661254085,-5.10659207696818
40.15300683341776,2.3449901226347203,-4.980731597308455
40.17598714037358,2.296369043524547,-4.85859223490953
40.19846403945286,2.2489984231981626,-4.7398197609109625
40.22049330927993,2.2028937051399695,-4.61040215971339
40.24208520192217,2.158026642997973,-4.484290335255036
40.26325022612248,2.1144162738692365,-4.356738424797762
40.28395854481185,2.0721223060244003,-4.232032329429382
40.304263355662464,2.0311600052954817,-4.097599705685037
40.32417586006343,1.9915052302164078,-3.9659849099243947
40.343707503410776,1.9531758226910616,-3.832963296799408
40.36286996937558,1.9161898050267592,-3.6984921516395604
40.381675173075294,1.8805640257801677,-3.562660629012566
40.40013525347465,1.8463153882416552,-3.4254339713423634
40.41826256339717,1.8134598476597532,-3.286875100227844
40.43610461095086,1.7819825339780802,-3.1438108786841403
40.453603644605415,1.7519305260901836,-3.0086821380229414
40.470841948503214,1.7233182265236386,-2.860379863245725
40.4877977398583,1.6961316293807793,-2.719545572575448
40.50451705598973,1.6703869359253063,-2.5720908247312835
40.520979644361496,1.646098798969634,-2.4285775826422524
40.53719915125268,1.6233025764872524,-2.281522301392376
40.553220640693176,1.6019862058661154,-2.131420541205546
40.569056695177146,1.5821416908726138,-1.9826172319721058
40.58468959424957,1.56380028178919,-1.8347397088785198
40.600163575689535,1.5469702833007253,-1.6825344938310551
40.615461899879485,1.5316579639705108,-1.5330591480332902
40.63065778185029,1.5178559683727726,-1.378626224771482
40.645705179959386,1.5055710705245196,-1.2291684363354558
40.66064732409475,1.494819603193686,-1.0755821911255166
40.675526472847,1.4855847411083238,-0.9220399922528191
40.690298396347025,1.477879354720801,-0.7708969967416587
40.705005654560544,1.4717096588676883,-0.6173823052182836
40.71969008302645,1.467062097778408,-0.46431910761969064
40.73430853762137,1.4639393544853585,-0.3127216198516183
40.74893099141465,1.4623367219518286,-0.16027326457695268
40.76357065375431,1.4622477143189052,-0.00889031487062958
40.778212801136675,1.4636693787104085,0.1421134880223666
40.79287073892042,1.4665912077939274,0.2923418633497515
40.807585595016015,1.4710050568233115,0.44124075696698395
40.82234241941375,1.4768994516061753,0.5899255956244551
40.837182114073705,1.484261675408618,0.7363673502822115
40.85211751854362,1.4930857539120133,0.8821392103145489
40.86716135000952,1.503358725898234,1.026597653091575
40.88229776544217,1.5150540705413351,1.1706258715449274
40.89759583167957,1.5281645724988235,1.3096429514817167
40.91301072407738,1.5426712412896353,1.4517792387363477
40.928582767083995,1.5585387831553636,1.5881139925298928
40.94435278060527,1.5757747154959052,1.7222525740757146
40.96030348821507,1.5943586398907394,1.8575627581422276
40.976446067222454,1.6142501298975152,1.9891394251559091
40.99279139053817,1.6354222989533387,2.1183696842386
41.00938020620851,1.6578680671086121,2.2432054828895978
41.02619313999746,1.6815606983975997,2.369639833077527
41.0432401022229,1.706449457259638,2.4914356288416144
41.06059294686506,1.7325501836861181,2.605959962016332
41.078168421499605,1.7598100279829783,2.729493703718537
41.09606989687506,1.7881975604385048,2.8356610401764137
41.11424356273755,1.8177062799384016,2.951423513217307
41.13273013392446,1.8482774292861628,3.0564870443261496
41.15150545385394,1.879876013066449,3.16380332897305
41.17064366973524,1.9124951042649714,3.259648266571076
41.19008645215902,1.9460997893339569,3.3636168480392796
41.209908836592874,1.9806547615159134,3.45273649669355
41.230084778681686,2.016154020401541,3.54739189914749
41.25058612961499,2.0524994791852462,3.6387375381755653
41.271489337276506,2.089682857758749,3.7172031229274856
41.29276590295605,2.1258276659104935,3.611373861049849
41.31405664607714,2.129242157284836,0.3414760555132088
41.33524253525757,2.1196830384518814,-0.9564055527805934
41.35634840904993,2.1090325960094702,-1.0642596697938027
41.37728721441308,2.097305982111677,-1.1745797838609147
41.39815950422784,2.0845021979787988,-1.2787057100247934
41.41883894338551,2.070637455510102,-1.3882801582673285
41.43942854150179,2.0557286709342804,-1.4885388111126954
41.45979950822038,2.0398002939017497,-1.5949517075537836
41.48005742088843,2.0228759099066074,-1.6900027774221675
41.50011153608845,2.004967156354073,-1.7904785290174785
41.51994940227991,1.9861392403749174,-1.8850244466702555
41.539599735843424,1.9664068759676772,-1.9746156941346564
41.55909290407472,1.9457591390199398,-2.0610052911589825
41.57833592683341,1.9242476253169705,-2.1510902771865146
41.597359258066774,1.9019276353428614,-2.2315232401502874
41.61611034677224,1.8788362212879104,-2.3137315282687463
41.63466347800369,1.8549811143224728,-2.3850838087116326
41.6529669424587,1.8303672931508472,-2.461410152310445
41.67101127807334,1.8050537046968889,-2.532228816499939
41.6888307984405,1.7790407011131344,-2.5970503795928495
41.70632987868565,1.7523919236072827,-2.668660399349147
41.72358715656719,1.7251381042110778,-2.7244506722559976
41.740550770496725,1.6972768297820842,-2.78763096902329
41.75725720113869,1.6688348574700866,-2.841118837809473
41.77365458431538,1.6398406999184854,-2.899596789356211
41.78978042057757,1.6103203145483265,-2.9478952583891327
41.805582872499244,1.580301608288069,-3.001977795404817
41.82105493791814,1.5498553027376094,-3.049842850879136
41.83623558101365,1.5189653243360908,-3.0908312491236356
41.85111895336253,1.4876096335157476,-3.1340362007004146
41.865699426158066,1.4558080596265146,-3.175273410265063
41.87992530505237,1.4236332226328234,-3.219847941722783
41.89383730783575,1.3911082979380334,-3.2522774281480737
41.907430464277766,1.3582022009989416,-3.2879142883121255
41.9206531995063,1.324992720993529,-3.327777386044621
41.93359439876633,1.2914403085077992,-3.348293852917505
41.94615592488092,1.2575661655094654,-3.3912261720225
41.958380421212055,1.2234504209577095,-3.4143674227969556
41.970311324308625,1.1889797246073903,-3.4351933564359607
41.98185013928804,1.154237443954304,-3.475299785090139
41.99304051561644,1.1193104498745683,-3.4935509145416543
42.00387900050725,1.084147240434303,-3.5172901806425347
42.014362306905895,1.0487637373063456,-3.539812113500796
42.02448730970366,1.0131758859274669,-3.561159791187767
42.03425104048924,0.9773995955701461,-3.581390402314272
42.04369893902526,0.9413566145234905,-3.59120057079825
42.052731925697614,0.9051528452392817,-3.6278083832755175
42.06144407661838,0.8687959629933836,-3.6255929000239684
42.06973620199553,0.8323110583707863,-3.662123786098524
42.07770302830663,0.7957053944998627,-3.6560762183015716
42.08529397870801,0.7588861957344297,-3.680906896191726
42.092507052168216,0.7219750101692188,-3.6945351687883505
42.099389217219965,0.684854621891833,-3.693905811184221
42.10584109643489,0.6476730561862823,-3.7324781652163628
42.11195880038952,0.6104346873209742,-3.7157064518318728
42.11769195042665,0.5730152210691641,-3.7399899859124153
42.123039125842844,0.5355741735674298,-3.750102907136623
42.12799901459058,0.49813878865459416,-3.759765237035305
42.132619590252176,0.4605329416196879,-3.7481761203549753
42.13685065750751,0.42275848859649096,-3.774336285371524
42.140691207125656,0.38502892821179213,-3.7825242845932947
42.144189620046184,0.3471070447127561,-3.7625498219646545
42.14729585525433,0.30898383673627766,-3.7921967526403404
42.15000918773862,0.2709351017863058,-3.799290332530706
42.15232898765105,0.23303209439575767,-3.8074909602171836
42.15430410638236,0.19486418209475234,-3.765626286105417
42.155835341700055,0.1570578959648867,-3.877768286293119
42.15707053763765,0.11871732752586821,-3.6849941635758334
42.15786121705461,0.08013617183257365,-3.9102397960994635
42.158306026943094,0.04037846824442709,-3.609081572547012