0.000029,0.005882,0.588235
0.000147,0.017647,1.176471
0.000412,0.035294,1.764706
0.000882,0.058824,2.352941
0.001618,0.088235,2.941176
0.002676,0.123529,3.529412
0.004118,0.164706,4.117647
0.006000,0.211765,4.705882
0.008382,0.264706,5.294118
0.011324,0.323529,5.882353
0.014882,0.388235,6.470588
0.019118,0.458824,7.058824
0.024088,0.535294,7.647059
0.029853,0.617647,8.235294
0.036471,0.705882,8.823529
0.044000,0.800000,9.411765
0.052500,0.900000,10.000000
0.062000,1.000000,10.000000
0.072500,1.100000,10.000000
0.084000,1.200000,10.000000
0.096500,1.300000,10.000000
0.110000,1.400000,10.000000
0.124500,1.500000,10.000000
0.140000,1.600000,10.000000
0.156500,1.700000,10.000000
0.174000,1.800000,10.000000
0.192500,1.900000,10.000000
0.212000,2.000000,10.000000
0.232500,2.100000,10.000000
0.254000,2.200000,10.000000
0.276500,2.300000,10.000000
0.300000,2.400000,10.000000
0.324500,2.500000,10.000000
0.350000,2.600000,10.000000
0.376500,2.700000,10.000000
0.404000,2.800000,10.000000
0.432500,2.900000,10.000000
0.462000,3.000000,10.000000
0.492500,3.100000,10.000000
0.524000,3.200000,10.000000
0.556500,3.300000,10.000000
0.590000,3.400000,10.000000
0.624500,3.500000,10.000000
0.660000,3.600000,10.000000
0.696500,3.700000,10.000000
0.734000,3.800000,10.000000
0.772500,3.900000,10.000000
0.812000,4.000000,10.000000
0.852500,4.100000,10.000000
0.894000,4.200000,10.000000
0.936500,4.300000,10.000000
0.980000,4.400000,10.000000
1.024500,4.500000,10.000000
1.070000,4.600000,10.000000
1.116500,4.700000,10.000000
1.164000,4.800000,10.000000
1.212500,4.900000,10.000000
1.262000,5.000000,10.000000
1.312500,5.100000,10.000000
1.364000,5.200000,10.000000
1.416500,5.300000,10.000000
1.470000,5.400000,10.000000
1.524500,5.500000,10.000000
1.580000,5.600000,10.000000
1.636500,5.700000,10.000000
1.694000,5.800000,10.000000
1.752500,5.900000,10.000000
1.812000,6.000000,10.000000
1.872500,6.100000,10.000000
1.934000,6.200000,10.000000
1.996500,6.300000,10.000000
2.060000,6.400000,10.000000
2.124500,6.500000,10.000000
2.190000,6.600000,10.000000
2.256500,6.700000,10.000000
2.324000,6.800000,10.000000
2.392500,6.900000,10.000000
2.462000,7.000000,10.000000
2.532500,7.100000,10.000000
2.604000,7.200000,10.000000
2.676500,7.300000,10.000000
2.750000,7.400000,10.000000
2.824500,7.500000,10.000000
2.900000,7.600000,10.000000
2.976500,7.700000,10.000000
3.054000,7.800000,10.000000
3.132500,7.900000,10.000000
3.212000,8.000000,10.000000
3.292500,8.100000,10.000000
3.374000,8.200000,10.000000
3.456500,8.300000,10.000000
3.540000,8.400000,10.000000
3.624500,8.500000,10.000000
3.710000,8.600000,10.000000
3.796500,8.700000,10.000000
3.884000,8.800000,10.000000
3.972500,8.900000,10.000000
4.062000,9.000000,10.000000
4.152500,9.100000,10.000000
4.244000,9.200000,10.000000
4.336500,9.300000,10.000000
4.430000,9.400000,10.000000
4.524500,9.500000,10.000000
4.620000,9.600000,10.000000
4.716500,9.700000,10.000000
4.814000,9.800000,10.000000
4.912500,9.900000,10.000000
5.012000,10.000000,10.000000
5.112500,10.100000,10.000000
5.214000,10.200000,10.000000
5.316500,10.300000,10.000000
5.420000,10.400000,10.000000
5.524500,10.500000,10.000000
5.630000,10.600000,10.000000
5.736500,10.700000,10.000000
5.844000,10.800000,10.000000
5.952500,10.900000,10.000000
6.062000,11.000000,10.000000
6.172500,11.100000,10.000000
6.284000,11.200000,10.000000
6.396500,11.300000,10.000000
6.510000,11.400000,10.000000
6.624500,11.500000,10.000000
6.740000,11.600000,10.000000
6.856500,11.700000,10.000000
6.974000,11.800000,10.000000
7.092500,11.900000,10.000000
7.212000,12.000000,10.000000
7.332500,12.100000,10.000000
7.454000,12.200000,10.000000
7.576500,12.300000,10.000000
7.700000,12.400000,10.000000
7.824500,12.500000,10.000000
7.950000,12.600000,10.000000
8.076500,12.700000,10.000000
8.204000,12.800000,10.000000
8.332500,12.900000,10.000000
8.462000,13.000000,10.000000
8.592500,13.100000,10.000000
8.724000,13.200000,10.000000
8.856500,13.300000,10.000000
8.990000,13.400000,10.000000
9.124500,13.500000,10.000000
9.260000,13.600000,10.000000
9.396500,13.700000,10.000000
9.534000,13.800000,10.000000
9.672500,13.900000,10.000000
9.812000,14.000000,10.000000
9.952500,14.100000,10.000000
10.094000,14.200000,10.000000
10.236500,14.300000,10.000000
10.380000,14.400000,10.000000
10.524500,14.500000,10.000000
10.670000,14.600000,10.000000
10.816500,14.700000,10.000000
10.964000,14.800000,10.000000
11.112500,14.900000,10.000000
11.262000,15.000000,10.000000
11.412500,15.100000,10.000000
11.564000,15.200000,10.000000
11.716471,15.294118,9.411765
11.869853,15.382353,8.823529
12.024088,15.464706,8.235294
12.179118,15.541176,7.647059
12.334882,15.611765,7.058824
12.491324,15.676471,6.470588
12.648382,15.735294,5.882353
12.806000,15.788235,5.294118
12.964118,15.835294,4.705882
13.122676,15.876471,4.117647
13.281618,15.911765,3.529412
13.440882,15.941176,2.941176
13.600412,15.964706,2.352941
13.760147,15.982353,1.764706
13.920029,15.994118,1.176471
14.080000,16.000000,0.588235
14.240000,16.000000,0.000000
14.400000,16.000000,0.000000
14.560000,16.000000,0.000000
14.720000,16.000000,0.000000
14.880000,16.000000,0.000000
15.040000,16.000000,0.000000
15.200000,16.000000,0.000000
15.360000,16.000000,0.000000
15.520000,16.000000,0.000000
15.680000,16.000000,0.000000
15.840000,16.000000,0.000000
16.000000,16.000000,0.000000
16.160000,16.000000,0.000000
16.320000,16.000000,0.000000
16.480000,16.000000,0.000000
16.640000,16.000000,0.000000
16.800000,16.000000,0.000000
16.960000,16.000000,0.000000
17.120000,16.000000,0.000000
17.280000,16.000000,0.000000
17.440000,16.000000,0.000000
17.600000,16.000000,0.000000
17.760000,16.000000,0.000000
17.920000,16.000000,0.000000
18.080000,16.000000,0.000000
18.240000,16.000000,0.000000
18.400000,16.000000,0.000000
18.560000,16.000000,0.000000
18.720000,16.000000,0.000000
18.880000,16.000000,0.000000
19.040000,16.000000,0.000000
19.200000,16.000000,0.000000
19.360000,16.000000,0.000000
19.520000,16.000000,0.000000
19.680000,16.000000,0.000000
19.840000,16.000000,0.000000
20.000000,16.000000,0.000000
20.160000,16.000000,0.000000
20.320000,16.000000,0.000000
20.480000,16.000000,0.000000
20.640000,16.000000,0.000000
20.800000,16.000000,0.000000
20.960000,16.000000,0.000000
21.120000,16.000000,0.000000
21.280000,16.000000,0.000000
21.440000,16.000000,0.000000
21.600000,16.000000,0.000000
21.760000,16.000000,0.000000
21.919972,15.994317,-0.568326
22.079857,15.982751,-1.156562
22.239597,15.965303,-1.744797
22.399134,15.941973,-2.333032
22.558407,15.912760,-2.921268
22.717359,15.877665,-3.509503
22.875931,15.836688,-4.097738
23.034064,15.789828,-4.685974
23.191698,15.737086,-5.274209
23.348776,15.678461,-5.862444
23.505238,15.613955,-6.450679
23.661026,15.543566,-7.038915
23.816080,15.467294,-7.627150
23.970342,15.385140,-8.215385
24.123753,15.297104,-8.803621
24.276255,15.203185,-9.391856
24.427788,15.103385,-9.980091
24.578322,15.003385,-10.000000
24.727855,14.903385,-10.000000
24.876389,14.803385,-10.000000
25.023923,14.703385,-10.000000
25.170457,14.603385,-10.000000
25.315991,14.503385,-10.000000
25.460525,14.403385,-10.000000
25.604058,14.303385,-10.000000
25.746592,14.203385,-10.000000
25.888126,14.103385,-10.000000
26.028660,14.003385,-10.000000
26.168194,13.903385,-10.000000
26.306728,13.803385,-10.000000
26.444262,13.703385,-10.000000
26.580795,13.603385,-10.000000
26.716329,13.503385,-10.000000
26.850863,13.403385,-10.000000
26.984397,13.303385,-10.000000
27.116931,13.203385,-10.000000
27.248465,13.103385,-10.000000
27.378998,13.003385,-10.000000
27.508532,12.903385,-10.000000
27.637066,12.803385,-10.000000
27.764600,12.703385,-10.000000
27.891134,12.603385,-10.000000
28.016668,12.503385,-10.000000
28.141201,12.403385,-10.000000
28.264735,12.303385,-10.000000
28.387269,12.203385,-10.000000
28.508803,12.103385,-10.000000
28.629337,12.003385,-10.000000
28.748871,11.903385,-10.000000
28.867405,11.803385,-10.000000
28.984938,11.703385,-10.000000
29.101472,11.603385,-10.000000
29.217006,11.503385,-10.000000
29.331540,11.403385,-10.000000
29.445074,11.303385,-10.000000
29.557608,11.203385,-10.000000
29.669141,11.103385,-10.000000
29.779675,11.003385,-10.000000
29.889209,10.903385,-10.000000
29.997743,10.803385,-10.000000
30.105277,10.703385,-10.000000
30.211811,10.603385,-10.000000
30.317345,10.503385,-10.000000
30.421878,10.403385,-10.000000
30.525412,10.303385,-10.000000
30.627946,10.203385,-10.000000
30.729480,10.103385,-10.000000
30.830014,10.003385,-10.000000
30.929548,9.903385,-10.000000
31.028081,9.803385,-10.000000
31.125615,9.703385,-10.000000
31.222149,9.603385,-10.000000
31.317683,9.503385,-10.000000
31.412217,9.403385,-10.000000
31.505751,9.303385,-10.000000
31.598285,9.203385,-10.000000
31.689818,9.103385,-10.000000
31.780352,9.003385,-10.000000
31.869886,8.903385,-10.000000
31.958420,8.803385,-10.000000
32.045954,8.703385,-10.000000
32.132488,8.603385,-10.000000
32.218021,8.503385,-10.000000
32.302555,8.403385,-10.000000
32.386089,8.303385,-10.000000
32.468623,8.203385,-10.000000
32.550157,8.103385,-10.000000
32.630691,8.003385,-10.000000
32.710225,7.903385,-10.000000
32.788758,7.803385,-10.000000
32.866292,7.703385,-10.000000
32.942826,7.603385,-10.000000
33.018360,7.503385,-10.000000
33.092894,7.403385,-10.000000
33.166428,7.303385,-10.000000
33.238961,7.203385,-10.000000
33.310495,7.103385,-10.000000
33.381029,7.003385,-10.000000
33.450563,6.903385,-10.000000
33.519097,6.803385,-10.000000
33.586631,6.703385,-10.000000
33.653165,6.603385,-10.000000
33.718698,6.503385,-10.000000
33.783232,6.403385,-10.000000
33.846766,6.303385,-10.000000
33.909300,6.203385,-10.000000
33.970834,6.103385,-10.000000
34.031368,6.003385,-10.000000
34.090901,5.903385,-10.000000
34.149435,5.803385,-10.000000
34.206969,5.703385,-10.000000
34.263503,5.603385,-10.000000
34.319037,5.503385,-10.000000
34.373571,5.403385,-10.000000
34.427104,5.303385,-10.000000
34.479638,5.203385,-10.000000
34.531172,5.103385,-10.000000
34.581706,5.003385,-10.000000
34.631240,4.903385,-10.000000
34.679774,4.803385,-10.000000
34.727308,4.703385,-10.000000
34.773841,4.603385,-10.000000
34.819375,4.503385,-10.000000
34.863909,4.403385,-10.000000
34.907443,4.303385,-10.000000
34.949977,4.203385,-10.000000
34.991511,4.103385,-10.000000
35.032044,4.003385,-10.000000
35.071578,3.903385,-10.000000
35.110112,3.803385,-10.000000
35.147646,3.703385,-10.000000
35.184180,3.603385,-10.000000
35.219714,3.503385,-10.000000
35.254248,3.403385,-10.000000
35.287781,3.303385,-10.000000
35.320315,3.203385,-10.000000
35.351849,3.103385,-10.000000
35.382383,3.003385,-10.000000
35.411917,2.903385,-10.000000
35.440451,2.803385,-10.000000
35.467984,2.703385,-10.000000
35.494518,2.603385,-10.000000
35.520052,2.503385,-10.000000
35.544586,2.403385,-10.000000
35.568120,2.303385,-10.000000
35.590654,2.203385,-10.000000
35.612188,2.103385,-10.000000
35.632721,2.003385,-10.000000
35.652255,1.903385,-10.000000
35.670789,1.803385,-10.000000
35.688323,1.703385,-10.000000
35.704857,1.603385,-10.000000
35.720391,1.503385,-10.000000
35.734924,1.403385,-10.000000
35.748458,1.303385,-10.000000
35.760992,1.203385,-10.000000
35.772526,1.103385,-10.000000
35.783060,1.003385,-10.000000
35.792594,0.903385,-10.000000
35.801128,0.803385,-10.000000
35.808690,0.709068,-9.431674
35.815338,0.620633,-8.843438
35.821132,0.538081,-8.255203
35.826129,0.461412,-7.666968
35.830390,0.390624,-7.078732
35.833971,0.325719,-6.490497
35.836933,0.266697,-5.902262
35.839335,0.213557,-5.314026
35.841234,0.166299,-4.725791
35.842690,0.124923,-4.137556
35.843762,0.089430,-3.549321
35.844508,0.059819,-2.961085
35.844988,0.036090,-2.372850
35.845259,0.018244,-1.784615
35.845382,0.006281,-1.196379
35.845414,0.000199,-0.608144
35.845415,0.000000,-0.019909
35.845415,0.000000,0.000000
35.845415,0.000000,0.000000
35.845415,0.000000,0.000000
35.845415,0.000000,0.000000
35.845415,0.000000,0.000000
35.845415,0.000000,0.000000
35.845415,0.000000,0.000000
35.845415,0.000000,0.000000
35.845415,0.000000,0.000000
35.845415,0.000000,0.000000
35.845415,0.000000,0.000000
35.845415,0.000000,0.000000
35.845415,0.000000,0.000000
35.845415,0.000000,0.000000
35.845415,0.000000,0.000000
35.845415,0.000000,0.000000
35.845415,0.000000,0.000000
35.845415,0.000000,0.000000
35.845415,0.000000,0.000000
35.845415,0.000000,0.000000
35.845415,0.000000,0.000000
35.845415,0.000000,0.000000
35.845415,0.000000,0.000000
35.845415,0.000000,0.000000
35.845415,0.000000,0.000000
35.845415,0.000000,0.000000
35.845415,0.000000,0.000000
35.845415,0.000000,0.000000
35.845415,0.000000,0.000000
35.845415,0.000000,0.000000
35.845415,0.000000,0.000000
35.845415,0.000000,0.000000
35.845415,0.000000,0.000000
35.845415,0.000000,0.000000
35.845415,0.000000,0.000000
35.845415,0.000000,0.000000
35.845415,0.000000,0.000000
35.845415,0.000000,0.000000
35.845415,0.000000,0.000000
35.845415,0.000000,0.000000
35.845415,0.000000,0.000000
35.845415,0.000000,0.000000
35.845415,0.000000,0.000000
35.845415,0.000000,0.000000
35.845415,0.000000,0.000000
35.845415,0.000000,0.000000
35.845415,0.000000,0.000000
35.845415,0.000000,0.000000
35.845415,0.000000,0.000000
35.845415,0.000000,0.000000
35.845415,0.000000,0.000000
35.845415,0.000000,0.000000
35.845415,0.000000,0.000000
35.845415,0.000000,0.000000
35.845415,0.000000,0.000000
35.845415,0.000000,0.000000
35.845415,0.000000,0.000000
35.845415,0.000000,0.000000