0.000029,0.005864,0.586356
0.000060,0.003057,-0.280608
0.000335,0.027470,2.441281
0.000823,0.048836,2.136566
0.001586,0.076306,2.746994
0.002685,0.109880,3.357398
0.004180,0.149558,3.967770
0.006134,0.195338,4.578094
0.008606,0.247222,5.188357
0.011658,0.305207,5.798540
0.015351,0.369294,6.408623
0.019746,0.439480,7.018585
0.024903,0.515764,7.628401
0.030885,0.598144,8.238045
0.037751,0.686619,8.847487
0.045563,0.781186,9.456698
0.054381,0.881842,10.065643
0.064237,0.985534,10.369176
0.075129,1.089208,10.367359
0.087057,1.192861,10.365348
0.100022,1.296493,10.363144
0.114023,1.400100,10.360744
0.129060,1.503681,10.358149
0.145132,1.607235,10.355358
0.162240,1.710759,10.352370
0.180383,1.814251,10.349184
0.199560,1.917709,10.345800
0.219771,2.021131,10.342215
0.241016,2.124515,10.338430
0.263295,2.227860,10.334444
0.286606,2.331162,10.330255
0.310951,2.434421,10.325862
0.336327,2.537633,10.321265
0.362735,2.640798,10.316462
0.390174,2.743912,10.311453
0.418644,2.846975,10.306236
0.448144,2.949983,10.300811
0.478673,3.052935,10.295176
0.510231,3.155828,10.289330
0.542818,3.258661,10.283273
0.576432,3.361431,10.277004
0.611073,3.464136,10.270521
0.646741,3.566774,10.263824
0.683435,3.669343,10.256912
0.721153,3.771841,10.249784
0.759896,3.874266,10.242440
0.799662,3.976614,10.234878
0.840451,4.078885,10.227099
0.882261,4.181076,10.219101
0.925093,4.283185,10.210884
0.968945,4.385210,10.202448
1.013817,4.487148,10.193793
1.059707,4.588997,10.184917
1.106614,4.690755,10.175821
1.154539,4.792420,10.166505
1.203478,4.893990,10.156968
1.253433,4.995462,10.147211
1.304401,5.096834,10.137233
1.356382,5.198105,10.127036
1.409375,5.299271,10.116618
1.463379,5.400331,10.105981
1.518391,5.501282,10.095126
1.574413,5.602122,10.084051
1.631441,5.702850,10.072759
1.689476,5.803462,10.061249
1.748515,5.903958,10.049523
1.808559,6.004333,10.037581
1.869604,6.104588,10.025424
1.931652,6.204718,10.013053
1.994699,6.304723,10.000469
2.058745,6.404600,9.987674
2.123788,6.504346,9.974668
2.189828,6.603961,9.961453
2.256862,6.703441,9.948029
2.324890,6.802785,9.934398
2.393910,6.901991,9.920562
2.463921,7.001056,9.906521
2.534920,7.099979,9.892277
2.606908,7.198757,9.877831
2.679882,7.297389,9.863184
2.753841,7.395872,9.848339
2.828783,7.494205,9.833295
2.904707,7.592386,9.818054
2.981611,7.690412,9.802618
3.059493,7.788282,9.786988
3.138353,7.885993,9.771164
3.218189,7.983545,9.755148
3.298998,8.080934,9.738941
3.380780,8.178160,9.722543
3.463532,8.275219,9.705955
3.547253,8.372111,9.689178
3.631941,8.468833,9.672213
3.717595,8.565384,9.655059
3.804213,8.661761,9.637717
3.891793,8.757963,9.620188
3.980332,8.853988,9.602470
4.069831,8.949833,9.584564
4.160286,9.045498,9.566470
4.251695,9.140980,9.548187
4.344058,9.236277,9.529714
4.437372,9.331387,9.511051
4.531635,9.426309,9.492196
4.626846,9.521041,9.473148
4.723001,9.615580,9.453906
4.820101,9.709925,9.434468
4.918141,9.804073,9.414833
5.017122,9.898023,9.394998
5.117039,9.991772,9.374961
5.217893,10.085320,9.354721
5.319679,10.178662,9.334275
5.422397,10.271799,9.313620
5.526044,10.364726,9.292753
5.630619,10.457443,9.271673
5.736118,10.549947,9.250376
5.842541,10.642235,9.228859
5.949884,10.734306,9.207119
6.058145,10.826158,9.185154
6.167323,10.917788,9.162961
6.277415,11.009193,9.140537
6.388419,11.100372,9.117879
6.500332,11.191322,9.094986
6.613152,11.282040,9.071854
6.726878,11.372525,9.048481
6.841505,11.462774,9.024867
6.957033,11.552784,9.001010
7.073459,11.642553,8.976909
7.190780,11.732078,8.952564
7.308993,11.821358,8.927976
7.428097,11.910390,8.903146
7.548089,11.999170,8.878075
7.668966,12.087698,8.852767
7.790725,12.175970,8.827227
7.913365,12.263985,8.801458
8.036854,12.348846,8.486125
8.161130,12.427671,7.882508
8.286135,12.500479,7.280756
8.411808,12.567288,6.680917
8.538089,12.628118,6.083039
8.664919,12.682990,5.487169
8.792238,12.731924,4.893353
8.919988,12.774940,4.301636
9.048108,12.812061,3.712061
9.176542,12.843307,3.124671
9.305229,12.868702,2.539505
9.434111,12.888268,1.956603
9.563132,12.902028,1.376001
9.692232,12.910006,0.797732
9.821354,12.912224,0.221828
9.950441,12.908707,-0.351683
10.079414,12.897317,-1.139001
10.208195,12.878086,-1.923072
10.336727,12.853206,-2.488068
10.464954,12.822700,-3.050608
10.592820,12.786593,-3.610688
10.720269,12.744910,-4.168311
10.847246,12.697675,-4.723486
10.973695,12.644913,-5.276225
11.099561,12.586647,-5.826552
11.224790,12.522902,-6.374493
11.349327,12.453701,-6.920084
11.473118,12.379068,-7.463367
11.596108,12.299024,-8.004393
11.718244,12.213592,-8.543220
11.839472,12.122792,-9.079912
11.959739,12.026647,-9.614543
12.077596,11.785760,-24.088744
12.190247,11.265051,-52.070889
12.301543,11.129596,-13.545440
12.411471,10.992827,-13.676897
12.520018,10.854710,-13.811676
12.627170,10.715216,-13.949405
12.732913,10.574320,-14.089604
12.837233,10.432004,-14.231679
12.940116,10.288255,-14.374906
13.041547,10.143071,-14.518403
13.141511,9.996459,-14.661124
13.239996,9.848441,-14.801832
13.336986,9.699050,-14.939087
13.432470,9.548338,-15.071224
13.526433,9.396375,-15.196333
13.618866,9.243252,-15.312263
13.709757,9.089086,-15.416596
13.799097,8.934019,-15.506661
13.886879,8.778224,-15.579532
13.973098,8.621903,-15.632059
14.057751,8.465295,-15.660889
14.140838,8.308669,-15.662523
14.222361,8.152335,-15.633388
14.302328,7.996636,-15.569910
14.380747,7.841950,-15.468636
14.457634,7.688686,-15.326351
14.533007,7.537284,-15.140226
14.606889,7.388205,-14.907968
14.679308,7.241925,-14.627990
14.750297,7.098929,-14.299561
14.819894,6.959699,-13.922957
14.888141,6.824704,-13.499576
14.955085,6.694383,-13.032021
15.020777,6.569142,-12.524135
15.085270,6.449332,-11.980973
15.148622,6.335245,-11.408712
15.210893,6.227100,-10.814506
15.272144,6.125038,-10.206265
15.332435,6.029113,-9.592408
15.391828,5.939298,-8.981560
15.450383,5.855475,-8.382254
15.508157,5.777449,-7.802629
15.565207,5.704948,-7.250153
15.621583,5.637634,-6.731394
15.677334,5.575115,-6.251839
15.732504,5.516957,-5.815784
15.787131,5.462695,-5.426282
15.841249,5.411843,-5.085150
15.894888,5.363913,-4.793039
15.948072,5.318417,-4.549534
16.000821,5.274884,-4.353298
16.053150,5.232862,-4.202222
16.105069,5.191926,-4.093595
16.156586,5.151684,-4.024256
16.207704,5.111776,-3.990752
16.258423,5.071881,-3.989475
16.308740,5.031714,-4.016761
16.358650,4.991024,-4.069015
16.408146,4.949596,-4.142757
16.457218,4.907249,-4.234704
16.505857,4.863831,-4.341790
16.554049,4.819219,-4.461203
16.601782,4.773315,-4.590397
16.649042,4.726044,-4.727084
16.695816,4.677352,-4.869246
16.742088,4.627201,-5.015108
16.787844,4.575569,-5.163133
16.833068,4.522449,-5.311999
16.877747,4.467843,-5.460588
16.921864,4.411764,-5.607954
16.965407,4.354231,-5.753321
17.008359,4.295270,-5.896047
17.050708,4.234914,-6.035617
17.092440,4.173198,-6.171631
17.133542,4.110160,-6.303773
17.174000,4.045842,-6.431817
17.213803,3.980286,-6.555602
17.252939,3.913536,-6.675024
17.291395,3.845635,-6.790029
17.329161,3.776629,-6.900606
17.366227,3.706562,-7.006772
17.402582,3.635476,-7.108576
17.438216,3.563415,-7.206088
17.473120,3.490421,-7.299392
17.507285,3.416535,-7.388592
17.540703,3.341797,-7.473791
17.573366,3.266246,-7.555113
17.605265,3.189919,-7.632675
17.636393,3.112853,-7.706607
17.666744,3.035083,-7.777025
17.696311,2.956642,-7.844068
17.725086,2.877564,-7.907851
17.753065,2.797879,-7.968504
17.780241,2.717617,-8.026141
17.806609,2.636808,-8.080883
17.832164,2.555480,-8.132843
17.856901,2.473659,-8.182130
17.880814,2.391370,-8.228850
17.903901,2.308639,-8.273104
17.926156,2.225489,-8.314986
17.947575,2.141943,-8.354594
17.968155,2.058023,-8.392009
17.987893,1.973750,-8.427321
18.006784,1.889144,-8.460603
18.024827,1.804225,-8.491931
18.042017,1.719011,-8.521378
18.058352,1.633521,-8.549006
18.073830,1.547772,-8.574884
18.088447,1.461781,-8.599060
18.102203,1.375565,-8.621598
18.115095,1.289140,-8.642545
18.127120,1.202521,-8.661943
18.138277,1.115722,-8.679844
18.148565,1.028759,-8.696282
18.157981,0.941646,-8.711300
18.166525,0.854397,-8.724921
18.174195,0.767025,-8.737188
18.181010,0.681502,-8.552304
18.187015,0.600427,-8.107563
18.192259,0.524440,-7.598657
18.196794,0.453558,-7.088176
18.200672,0.387795,-6.576326
18.203944,0.327162,-6.063318
18.206661,0.271669,-5.549324
18.208874,0.221323,-5.034510
18.210635,0.176133,-4.519025
18.211996,0.136103,-4.002997
18.213009,0.101238,-3.486553
18.213724,0.071540,-2.969780
18.214194,0.047012,-2.452778
18.214471,0.027656,-1.935617
18.214606,0.013472,-1.418356
18.214650,0.004462,-0.901035
18.214656,0.000625,-0.383696
18.214656,0.000000,-0.062512