0.000029,0.005882,0.588235
0.000036,0.000706,-0.517647
0.000301,0.026471,2.576471
0.000772,0.047059,2.058824
0.001507,0.073529,2.647059
0.002566,0.105882,3.235294
0.004007,0.144118,3.823529
0.005889,0.188235,4.411765
0.008272,0.238235,5.000000
0.011213,0.294118,5.588235
0.014772,0.355882,6.176471
0.019007,0.423529,6.764706
0.023978,0.497059,7.352941
0.029742,0.576471,7.941176
0.036360,0.661765,8.529412
0.043889,0.752941,9.117647
0.052389,0.850000,9.705882
0.061889,0.950000,10.000000
0.072389,1.050000,10.000000
0.083889,1.150000,10.000000
0.096389,1.250000,10.000000
0.109889,1.350000,10.000000
0.124389,1.450000,10.000000
0.139889,1.550000,10.000000
0.156389,1.650000,10.000000
0.173889,1.750000,10.000000
0.192389,1.850000,10.000000
0.211889,1.950000,10.000000
0.232389,2.050000,10.000000
0.253889,2.150000,10.000000
0.276389,2.250000,10.000000
0.299889,2.350000,10.000000
0.324389,2.450000,10.000000
0.349889,2.550000,10.000000
0.376389,2.650000,10.000000
0.403889,2.750000,10.000000
0.432389,2.850000,10.000000
0.461889,2.950000,10.000000
0.492389,3.050000,10.000000
0.523889,3.150000,10.000000
0.556389,3.250000,10.000000
0.589889,3.350000,10.000000
0.624389,3.450000,10.000000
0.659889,3.550000,10.000000
0.696389,3.650000,10.000000
0.733889,3.750000,10.000000
0.772389,3.850000,10.000000
0.811889,3.950000,10.000000
0.852389,4.050000,10.000000
0.893889,4.150000,10.000000
0.936389,4.250000,10.000000
0.979889,4.350000,10.000000
1.024389,4.450000,10.000000
1.069889,4.550000,10.000000
1.116389,4.650000,10.000000
1.163889,4.750000,10.000000
1.212389,4.850000,10.000000
1.261889,4.950000,10.000000
1.312389,5.050000,10.000000
1.363889,5.150000,10.000000
1.416389,5.250000,10.000000
1.469889,5.350000,10.000000
1.524389,5.450000,10.000000
1.579889,5.550000,10.000000
1.636389,5.650000,10.000000
1.693889,5.750000,10.000000
1.752389,5.850000,10.000000
1.811889,5.950000,10.000000
1.872389,6.050000,10.000000
1.933889,6.150000,10.000000
1.996389,6.250000,10.000000
2.059889,6.350000,10.000000
2.124389,6.450000,10.000000
2.189889,6.550000,10.000000
2.256389,6.650000,10.000000
2.323889,6.750000,10.000000
2.392389,6.850000,10.000000
2.461889,6.950000,10.000000
2.532389,7.050000,10.000000
2.603889,7.150000,10.000000
2.676389,7.250000,10.000000
2.749889,7.350000,10.000000
2.824389,7.450000,10.000000
2.899889,7.550000,10.000000
2.976389,7.650000,10.000000
3.053889,7.750000,10.000000
3.132389,7.850000,10.000000
3.211889,7.950000,10.000000
3.292389,8.050000,10.000000
3.373889,8.150000,10.000000
3.456389,8.250000,10.000000
3.539889,8.350000,10.000000
3.624389,8.450000,10.000000
3.709889,8.550000,10.000000
3.796389,8.650000,10.000000
3.883889,8.750000,10.000000
3.972389,8.850000,10.000000
4.061889,8.950000,10.000000
4.152389,9.050000,10.000000
4.243889,9.150000,10.000000
4.336389,9.250000,10.000000
4.429889,9.350000,10.000000
4.524389,9.450000,10.000000
4.619889,9.550000,10.000000
4.716389,9.650000,10.000000
4.813889,9.750000,10.000000
4.912389,9.850000,10.000000
5.011889,9.950000,10.000000
5.112389,10.050000,10.000000
5.213889,10.150000,10.000000
5.316389,10.250000,10.000000
5.419889,10.350000,10.000000
5.524389,10.450000,10.000000
5.629889,10.550000,10.000000
5.736389,10.650000,10.000000
5.843889,10.750000,10.000000
5.952389,10.850000,10.000000
6.061889,10.950000,10.000000
6.172389,11.050000,10.000000
6.283889,11.150000,10.000000
6.396389,11.250000,10.000000
6.509889,11.350000,10.000000
6.624389,11.450000,10.000000
6.739889,11.550000,10.000000
6.856389,11.650000,10.000000
6.973889,11.750000,10.000000
7.092389,11.850000,10.000000
7.211889,11.950000,10.000000
7.332389,12.050000,10.000000
7.453889,12.150000,10.000000
7.576389,12.250000,10.000000
7.699889,12.350000,10.000000
7.824389,12.450000,10.000000
7.949889,12.550000,10.000000
8.076389,12.650000,10.000000
8.203889,12.750000,10.000000
8.332389,12.850000,10.000000
8.461889,12.950000,10.000000
8.592389,13.050000,10.000000
8.723889,13.150000,10.000000
8.856389,13.250000,10.000000
8.989889,13.350000,10.000000
9.124389,13.450000,10.000000
9.259889,13.550000,10.000000
9.396389,13.650000,10.000000
9.533889,13.750000,10.000000
9.672389,13.850000,10.000000
9.811889,13.950000,10.000000
9.952389,14.050000,10.000000
10.093889,14.150000,10.000000
10.236389,14.250000,10.000000
10.379889,14.350000,10.000000
10.524389,14.450000,10.000000
10.669889,14.550000,10.000000
10.816389,14.650000,10.000000
10.963889,14.750000,10.000000
11.112389,14.850000,10.000000
11.261889,14.950000,10.000000
11.412389,15.050000,10.000000
11.563889,15.150000,10.000000
11.716360,15.247059,9.705882
11.869742,15.338235,9.117647
12.023978,15.423529,8.529412
12.179007,15.502941,7.941176
12.334772,15.576471,7.352941
12.491213,15.644118,6.764706
12.648272,15.705882,6.176471
12.805889,15.761765,5.588235
12.964007,15.811765,5.000000
13.122566,15.855882,4.411765
13.281507,15.894118,3.823529
13.440772,15.926471,3.235294
13.600301,15.952941,2.647059
13.760036,15.973529,2.058824
13.919919,15.988235,1.470588
14.093398,17.347899,135.966408
14.282317,18.891880,154.398015
14.473738,19.142132,25.025277
14.667937,19.419899,27.776621
14.865209,19.727201,30.730283
15.065863,20.065364,33.816310
15.270207,20.434457,36.909299
15.478532,20.832531,39.807387
15.691079,21.254646,42.211472
15.907997,21.691774,43.712832
16.129295,22.129806,43.803120
16.354785,22.549061,41.925501
16.584034,22.924886,37.582535
16.816333,23.229861,30.497485
17.050710,23.437743,20.788224
17.285995,23.528477,9.073398
17.520922,23.492738,-3.573907
17.754265,23.334241,-15.849713
17.984953,23.068806,-26.543474
18.212159,22.720598,-34.820838
18.435330,22.317095,-40.350282
18.654175,21.884542,-43.255296
18.868625,21.444955,-43.958695
19.078773,21.014873,-43.008156
19.284828,20.605447,-40.942661
19.487061,20.223269,-38.217772
19.685775,19.871469,-35.179998
19.881283,19.550754,-32.071486
20.073886,19.260270,-29.048424
20.263868,18.998244,-26.202636
20.449719,18.585148,-41.309605
20.609719,16.000000,-258.514753
20.769719,16.000000,-0.000000
20.929719,16.000000,-0.000000
21.089719,16.000000,0.000000
21.249719,16.000000,0.000000
21.409719,16.000000,-0.000000
21.569719,16.000000,-0.000000
21.729719,16.000000,-0.000000
21.889719,16.000000,0.000000
22.049719,16.000000,-0.000000
22.209719,16.000000,0.000000
22.369719,16.000000,0.000000
22.529718,15.999815,-0.018486
22.689683,15.996504,-0.331090
22.849556,15.987311,-0.919325
23.009278,15.972235,-1.507560
23.168791,15.951277,-2.095796
23.328035,15.924437,-2.684031
23.486952,15.891714,-3.272266
23.645484,15.853109,-3.860502
23.803570,15.808622,-4.448737
23.961152,15.758252,-5.036972
24.118172,15.702000,-5.625207
24.274571,15.639866,-6.213443
24.430289,15.571849,-6.801678
24.585269,15.497950,-7.389913
24.739451,15.418168,-7.978149
24.892776,15.332505,-8.566384
25.045185,15.240958,-9.154619
25.196622,15.143715,-9.724368
25.347060,15.043715,-10.000000
25.496497,14.943715,-10.000000
25.644934,14.843715,-10.000000
25.792371,14.743715,-10.000000
25.938808,14.643715,-10.000000
26.084245,14.543715,-10.000000
26.228682,14.443715,-10.000000
26.372120,14.343715,-10.000000
26.514557,14.243715,-10.000000
26.655994,14.143715,-10.000000
26.796431,14.043715,-10.000000
26.935868,13.943715,-10.000000
27.074305,13.843715,-10.000000
27.211742,13.743715,-10.000000
27.348180,13.643715,-10.000000
27.483617,13.543715,-10.000000
27.618054,13.443715,-10.000000
27.751491,13.343715,-10.000000
27.883928,13.243715,-10.000000
28.015365,13.143715,-10.000000
28.145802,13.043715,-10.000000
28.275240,12.943715,-10.000000
28.403677,12.843715,-10.000000
28.531114,12.743715,-10.000000
28.657551,12.643715,-10.000000
28.782988,12.543715,-10.000000
28.907425,12.443715,-10.000000
29.030862,12.343715,-10.000000
29.153300,12.243715,-10.000000
29.274737,12.143715,-10.000000
29.395174,12.043715,-10.000000
29.504349,10.917540,-112.617453
29.605940,10.159113,-75.842738
29.705676,9.973568,-18.554478
29.803503,9.782722,-19.084624
29.899367,9.586363,-19.635904
29.993210,9.384322,-20.204043
30.084975,9.176494,-20.782880
30.174604,8.962854,-21.363974
30.262039,8.743493,-21.936073
30.347225,8.518646,-22.484661
30.430112,8.288732,-22.991478
30.510656,8.054390,-23.434142
30.588822,7.816530,-23.785994
30.664585,7.576368,-24.016212
30.737940,7.335464,-24.090462
30.808897,7.095743,-23.972100
30.877492,6.859500,-23.624221
30.943786,6.629375,-23.012493
31.007869,6.408288,-22.108765
31.069862,6.199336,-20.895225
31.129919,6.005650,-19.368557
31.188221,5.830215,-17.543489
31.244978,5.675666,-15.454870
31.300419,5.544090,-13.157597
31.354787,5.436851,-10.723940
31.408332,5.354468,-8.238309
31.461297,5.296567,-5.790102
31.513917,5.261910,-3.465706
31.566402,5.248500,-1.340979
31.618939,5.253746,0.524598
31.671686,5.274659,2.091340
31.724766,5.308060,3.340106
31.778274,5.350768,4.270703
31.832271,5.399754,4.898620
31.886794,5.452262,5.250878
31.941853,5.505880,5.361767
31.997439,5.558570,5.268981
32.053525,5.608675,5.010507
32.110074,5.654899,4.622352
32.167037,5.696269,4.137092
32.224358,5.732100,3.583101
32.281977,5.761944,2.984306
32.339833,5.785547,2.360310
32.397861,5.802814,1.726742
32.455999,5.813771,1.095724
32.514184,5.818535,0.476384
32.572357,5.817289,-0.124640
32.630460,5.810261,-0.702732
32.688437,5.797713,-1.254890
32.746236,5.779919,-1.779370
32.803808,5.757165,-2.275390
32.861105,5.729736,-2.742894
32.918084,5.697912,-3.182354
32.974704,5.661966,-3.594617
33.030925,5.622158,-3.980785
33.086713,5.578737,-4.342126
33.142032,5.531937,-4.679996
33.196852,5.481979,-4.995798
33.251142,5.429070,-5.290929
33.304877,5.373402,-5.566768
33.358028,5.315156,-5.824645
33.410573,5.254497,-6.065832
33.462489,5.191582,-6.291538
33.513754,5.126553,-6.502899
33.564350,5.059543,-6.700981
33.614257,4.990676,-6.886777
33.663457,4.920063,-7.061214
33.711935,4.847812,-7.225144
33.759676,4.774018,-7.379361
33.806663,4.698772,-7.524595
33.852885,4.622157,-7.661520
33.898327,4.544250,-7.790754
33.942979,4.465121,-7.912867
33.986827,4.384837,-8.028380
34.029861,4.303459,-8.137774
34.072072,4.221045,-8.241486
34.113448,4.137645,-8.339920
34.153981,4.053311,-8.433443
34.193662,3.968087,-8.522390
34.232483,3.882016,-8.607070
34.270434,3.795139,-8.687763
34.307509,3.707491,-8.764724
34.343700,3.619110,-8.838186
34.379000,3.530026,-8.908360
34.413403,3.440272,-8.975440
34.446902,3.349876,-9.039600
34.479490,3.258866,-9.100996
34.511163,3.167268,-9.159775
34.541914,3.075107,-9.216062
34.571738,2.982408,-9.269977
34.600630,2.889191,-9.321621
34.628585,2.795480,-9.371089
34.655598,2.701296,-9.418465
34.681664,2.606658,-9.463823
34.706780,2.511585,-9.507229
34.730941,2.416098,-9.548740
34.754143,2.320214,-9.588408
34.776383,2.223951,-9.626278
34.797656,2.127327,-9.662389
34.817960,2.030359,-9.696773
34.837290,1.933065,-9.729460
34.855645,1.835460,-9.760474
34.873021,1.737562,-9.789836
34.889414,1.639386,-9.817561
34.904824,1.540949,-9.843666
34.919247,1.442268,-9.868159
34.932680,1.343357,-9.891051
34.945123,1.244234,-9.912347
34.956572,1.144913,-9.932054
34.967026,1.045412,-9.950174
34.976483,0.945744,-9.966709
34.984944,0.846113,-9.963124
34.992439,0.749485,-9.662856
34.999026,0.658645,-9.083962
35.004762,0.573616,-8.502888
35.009706,0.494417,-7.919908
35.013917,0.421064,-7.335274
35.017452,0.353572,-6.749224
35.020372,0.291952,-6.161975
35.022734,0.236215,-5.573726
35.024598,0.186368,-4.984660
35.026022,0.142419,-4.394940
35.027066,0.104372,-3.804710
35.027788,0.072231,-3.214098
35.028248,0.045999,-2.623213
35.028505,0.025677,-2.032144
35.028617,0.011268,-1.440965
35.028645,0.002771,-0.849728
35.028645,0.000000,-0.277050