0.0,0.0,0.0
4.959736623029325E-4,0.04133231647955005,3.4444578722856596
0.0011571924588751567,0.07527736064736928,3.8645201032676573
0.0023141070171720005,0.117963160212531,4.3523973112741965
0.003966360018672116,0.16365609018787064,4.525896616440021
0.005948315263632846,0.20863481796837896,4.734783344273528
0.008589652539995921,0.25427344449257183,4.393490703389218
0.01155942306604396,0.3007592582449115,4.707784234652556
0.015021835810920339,0.34633451331915466,4.5587527971330575
0.018811137314431965,0.3914483040498696,4.660414816407045
0.023255627978196032,0.43694307190995146,4.472643802963683
0.028024747646727362,0.48286663794659546,4.649696270142369
0.03328170782858611,0.5282617128074282,4.56166285637072
0.039024885101009495,0.5739284947205232,4.563583215158835
0.045252506034058934,0.6197873758310108,4.5639829218214585
0.05179909827684213,0.6652362159081234,4.618313355874776
0.05898993624477018,0.7108077627734942,4.504705768364737
0.06649597674162515,0.7565273671567199,4.608039611028072
0.07447845103328621,0.8018404377926315,4.55170302701559
0.08309736933778376,0.8476725418251176,4.507597676397234
0.09202486176991972,0.8935417242135503,4.590989981922587
0.1012590973283278,0.9386143527320342,4.581409665718066
0.11112119987558099,0.9837155185252697,4.498707702724503
0.12144595831604697,1.0292036409430672,4.534395790662981
0.13223018573421066,1.074657654450418,4.52953203294789
0.14347055374698933,1.1200609052363282,4.524265230295349
0.15500361524457834,1.1650944223071642,4.549381754972353
0.1671461411523728,1.2100612078591093,4.481156824512112
0.17973400099487796,1.255251279810692,4.506317703063376
0.19260464213569545,1.3000666751250691,4.526814270036996
0.20607185590841595,1.344776519227852,4.46452767012211
0.21997236615042504,1.3896389103858497,4.484909063100206
0.23430188799638835,1.4343643520548746,4.476951837582139
0.24921270320933497,1.4791763775720197,4.445423582109876
0.26438633874027023,1.5238252125116298,4.483897102414084
0.28013094894959434,1.568287862299763,4.428832029586825
0.29612994416439237,1.6125720209282979,4.4634925016213
0.31268902989428193,1.6566565537292641,4.410444596647451
0.32980136668618854,1.7009414088130344,4.40185023888118
0.3471533964190593,1.745000276555842,4.430763292797613
0.36504687412612546,1.7888159211945154,4.3802621273621165
0.3834744120440049,1.832752639772621,4.369826143667297
0.4021258024535782,1.8764242453284472,4.393584483401922
0.4214491980057022,1.9199846440037849,4.328188403416401
0.44098481610440843,1.9634288902539938,4.366367512508749
0.46102720053768514,2.0065651569188936,4.318634341013837
0.4815680883591226,2.0497070026273696,4.304981557936593
0.5024512852280315,2.092673352393375,4.305592470796389
0.5238174009355909,2.135443487700084,4.274675292357834
0.5456576433895118,2.1781467503477208,4.25883425797303
0.5678176448811334,2.2206181702763224,4.255992800656939
0.590435267002825,2.2628394883113487,4.224142802641543
0.6135012258877363,2.304929718250914,4.205982604919199
0.6370060653436596,2.346863903697218,4.1869601508839756
0.6609401619465597,2.3886180308144156,4.167053494760717
0.6851525788680557,2.4300500079975946,4.158270395383536
0.7099165783733163,2.4712602442809564,4.112470546724976
0.7349406928212375,2.5122328417022635,4.113340556600761
0.7604943025551105,2.5529407863627434,4.066939009206872
0.786426777061265,2.593475180191808,4.053795341237108
0.8128641121078537,2.633804060265764,4.01774111867081
0.8395217016397882,2.6738016866816805,4.011830133629505
0.8666607872367147,2.7134443565162596,3.963588911487069
0.8941339700143589,2.752813201652097,3.9447586943555124
0.922062731067855,2.7918796343875045,3.9052494213129716
0.9504328434087627,2.8307094543175624,3.87435682540362
0.9790995358924117,2.8691835878639496,3.8507878992856983
1.00818076555028,2.90727591594246,3.808123291473981
1.0376618574937757,2.9450463410907433,3.7731184651365886
1.0674009161754825,2.982385987649632,3.744612089874956
1.0976382853513522,3.0193469597110054,3.690731094110183
1.1282307150899336,3.055978170883722,3.659211859713001
1.159163050482903,3.0921712704698034,3.618067026221738
1.1904200550366968,3.1278993214559447,3.5753184936248177
1.2219864271402727,3.1631362045373477,3.530942999851696
1.2539668983684524,3.197921043445958,3.4783467555882557
1.2863424350307682,3.232286560561113,3.4309608602516746
1.3189762887752656,3.2661360958810532,3.387806723743116
1.3519693861354933,3.299439159080205,3.3304369588853295
1.3853025340719984,3.332225439753093,3.277556585450309
1.4189565254251053,3.3644622165299776,3.222780213810413
1.4529121694352671,3.3961182978991795,3.166124522496419
1.4871503235794246,3.427164108702429,3.1076175445229066
1.521761851388269,3.457619309879473,3.0424109636992758
1.556615234687144,3.487453385316929,2.9852180056653097
1.5917989140221946,3.516635209054163,2.916745228420025
1.6272902261296145,3.5451804989761437,2.8513514761791643
1.6629621449044452,3.573018972491225,2.7883948341114344
1.6990028955555323,3.6001655170101636,2.71170970963436
1.7352846242040196,3.62663468615244,2.6457947429970994
1.771785739461566,3.652364820043908,2.574601767018285
1.808584098116068,3.677372141839661,2.4990578894331126
1.8455571891317162,3.701640455757892,2.4296743962990996
1.8827811018824752,3.7251562447189928,2.3533256346393077
1.9203269543964192,3.747969711919826,2.2773270113082265
1.957980650986731,3.7700452101916686,2.210290995539811
1.9959082426701877,3.791381978756431,2.1329020966185324
2.033993572032291,3.8120144936962097,2.0651376083438064
2.0720378332638476,3.7998395206188063,-1.2160294973375332
2.1095027729654037,3.7459555006602776,-5.387627541088925
2.1464025772149893,3.6936631947953975,-5.234449598638706
2.182836899377873,3.643124867341896,-5.05340641927141
2.2188165166405622,3.5943057638251616,-4.876949742790596
2.2542697664954603,3.5472890016672975,-4.704280819930454
2.289293353105658,3.502098137837126,-4.518750230475105
2.323899057918975,3.458706196076757,-4.336856556917636
2.358019672678697,3.41719075098475,-4.157785432368225
2.3918274795523904,3.3775315368290557,-3.9621099066601824
2.4251776369263767,3.3397582842490787,-3.7826967894734107
2.4582387783013284,3.303903635308645,-3.5830676150450023
2.4909461541283577,3.2699603500452956,-3.3935219244860195
2.5233136026312013,3.23800378936784,-3.196899025255996
2.555428648872254,3.2080335745474833,-2.993782249555099
2.587230621569488,3.1800892304540875,-2.794339475401189
2.6187343564731336,3.154239943112768,-2.5881012166450903
2.6500258390834164,3.1304942264434934,-2.3755930603140945
2.6811181510941657,3.1088698354404594,-2.162187774130816
2.712024830171227,3.0894170960360707,-1.9444866765144273
2.7427598520357934,3.07218654245887,-1.7223177862781858
2.773337610238305,3.0572302130709006,-1.4953660689809944
2.8037728937594766,3.0446003332059366,-1.263432831781291
2.8341477851209307,3.0343414676691833,-1.0248234549709507
2.8644098190723883,3.026516104191441,-0.7826172102155904
2.8945749374829597,3.0211937901395265,-0.5330574852701633
2.9247903019911123,3.0184309654910715,-0.2759985062853869
2.954939843785317,3.0183029816985782,-0.012812594802541172
2.985169895102733,3.0208923710332516,0.2587579625524208
3.0154312677218362,3.0262884855474543,0.539638417152245
3.045804703384775,3.034588351386922,0.8292336920335759
3.0762426535071112,3.0458921496802605,1.1311586471778297
3.1068261870334792,3.0603071144858043,1.4424173489121124
3.1376359625553176,3.077985232971551,1.7660949073543568
3.1686259552407905,3.0990652729115022,2.108048891541497
3.199877600525228,3.1236967592908536,2.461991792093312
3.231346159379591,3.15203863436924,2.8388553041460507
3.263240109546696,3.184333353827401,3.224346679678035
3.295389432527914,3.220787706487704,3.6520747564377967
3.3280036971896845,3.261633991698847,4.084888427224089
3.361103824183203,3.3072594889336324,4.558754674766259
3.3947115201871836,3.3579819578468357,5.0680396373440555
3.42884921144931,3.4141525008479228,5.617685109066174
3.4636038554504736,3.4755739038784172,6.1423338275379615
3.498999874939493,3.539931813344757,6.436390714242182
3.5350624237866493,3.6066130252137985,6.668783404168317
3.5718173086401683,3.6756642228345195,6.905449919102624
3.60929090918366,3.7471261070376234,7.1457422844855945
3.6475100993276723,3.8210335782375684,7.389034882044976
3.6864361939905077,3.8973506016521355,7.640997631469032
3.7262283008686126,3.976163857015739,7.875290906070201
3.766781830438266,4.0574931994364976,8.137226458182509
3.808190763657974,4.141284241759237,8.379895259088512
3.85048325178794,4.227615292606051,8.629770602882544
3.8936188745078883,4.316423622035583,8.886723937472604
3.9376933228867106,4.407711825506298,9.129373339143937
3.982734803840402,4.501554981450301,9.378912885858941
4.0287008765899195,4.597882482719975,9.63542248008709
4.07568889798308,4.696694586300743,9.876778340284211
4.1236548223277,4.7979926299658455,10.132761404599888
4.172697175574818,4.901778516114764,10.373389393393246
4.22277022562367,5.008056204747034,10.629363249527541
4.273899425488975,5.116751556777392,10.877680722189405
4.326185328302045,5.2279496260089715,11.118444421444288
4.379655725843377,5.34174147190023,11.367909166778682
4.434184698267897,5.455556051776044,11.387007537714794
4.4892505997465815,5.505581642642853,5.001642892294687
4.544464477363968,5.525661510397579,2.009541027982833
4.599896551206316,5.54446939858696,1.8812170155251402
4.655539688746712,5.561970811910705,1.7494044077436708
4.711305151608156,5.578107737583189,1.6141444065144375
4.767264697347395,5.592836666569106,1.4720722443957037
4.823327362026288,5.6061143914922,1.3277364749602814
4.879482408699217,5.617888023235815,1.1778628757569358
4.935803732766125,5.628121077800576,1.022576635765821
4.992197384603588,5.63676472391926,0.8639660305785213
5.048565849581334,5.6437572004506,0.7001049219330726
5.105070163993502,5.649053057998202,0.5294565660204185
5.161613560131508,5.652599802651158,0.354565333791097
5.2181848277903145,5.6543338794790525,0.17332207255312074
5.274682712194294,5.6541947287738665,-0.013925922927344412
5.3311840852842325,5.652122032499087,-0.20734243507163097
5.387677484719504,5.648050372359968,-0.4070730703898271
5.444151335954702,5.64191173473799,-0.6132688116222829
5.5005005234104685,5.633645178693685,-0.8264687692250402
5.55671064400044,5.623196471443279,-1.045276778006223
5.612767165245263,5.61050933840531,-1.2698126249439592
5.668751376220891,5.595515769252021,-1.4985788166439333
5.72455418989535,5.578159930772297,-1.7349240369373338
5.780160645223197,5.558406789118848,-1.9745188939955796
5.835457189970702,5.536236781105783,-2.2196398411471807
5.890624694544165,5.5115977629878765,-2.461600505421378
5.945450105072233,5.484464768531144,-2.714251489033908
6.000016465341762,5.454844692757917,-2.9610351933422834
6.054206597760018,5.4227356641459386,-3.213108490884579
6.108105068500724,5.388285795990725,-3.4439889055015582
6.161696324985563,5.3544815818764295,-3.377492033910551
6.214860792955285,5.3240829216727255,-3.044232244070328
6.267894990508008,5.296870398157285,-2.717891792834235
6.32057690965829,5.272568983697029,-2.4321605250864584
6.373103657526747,5.250962552392629,-2.1599388173502434
6.4254643101753866,5.2318215100556,-1.9125528800366765
6.477540237386584,5.215001863341492,-1.6843576994623015
6.52953535025646,5.200339155802206,-1.4665042142989126
6.5814410536232515,5.1876797839904425,-1.265232199279319
6.633248814472241,5.176919357632301,-1.0752415969532187
6.684950184387305,5.167961677045878,-0.8953911678143958
6.736536820902086,5.160722076135369,-0.7242489676676065
6.78800050825251,5.155123489867141,-0.5608110313757138
6.839558514498155,5.151088977753637,-0.403082516020315
6.891093687140581,5.148562867619206,-0.25236816276697666
6.942486273626799,5.147503310733671,-0.10612566809929257
6.9939581341346955,5.147864059010087,0.036079579564157985
7.045505956169675,5.149612692181917,0.17468795421693295
7.097010536916292,5.152719244687587,0.31079163539540405
7.148583678570656,5.1571581161616145,0.4438737163288999
7.200222676928396,5.162914294725602,0.575507998530913
7.25192505430309,5.169971878299822,0.7057220665702977
7.303688569315538,5.178318057750174,0.834935026158716
7.355630697480677,5.187954348527427,0.9624680082914742
7.407631588037729,5.198876372297553,1.0919476706631372
7.459689756034926,5.211067162997704,1.2203085808158844
7.5119255159417175,5.224537981790607,1.3473299623652726
7.564339994071548,5.239306676531049,1.4762661714494851
7.616934607638333,5.255380253454047,1.606110455707287
7.669587401824211,5.272744185793499,1.7388549781830094
7.722546988992687,5.29142583643162,1.8665660768704857
7.77569271689123,5.311457248035166,2.0019668665210513
7.829027174332799,5.332827330148049,2.1367604247957064
7.882553237190405,5.355545788390755,2.2730934588655654
7.936274062438975,5.379622622358505,2.4110627505880418
7.990193081016896,5.392558581999528,1.2937535218262415
8.04354033671893,5.323416199267831,-6.899580408516869
8.09591639833755,5.239627994392842,-8.382054898660655
8.14743444405591,5.156570368207123,-8.313446057024501
8.198210692760577,5.0741226555641195,-8.239084558108653
8.248100325388817,4.992360994602866,-8.181734471338821
8.297220932362682,4.911349439389746,-8.099982487833238
8.345559514692718,4.83103877487025,-8.02638214915554
8.393102958971355,4.751478777990719,-7.951204261403609
8.439838034798282,4.67271432037567,-7.87510884538677
8.485751394889801,4.594785993219104,-7.798688342134973
8.530966143400255,4.517614030183184,-7.710606703192081
8.575333640572959,4.441230684415067,-7.64604903637317
8.618978260749508,4.365661178056227,-7.559026950426644
8.661888449936287,4.290812293795812,-7.484528007171599
8.704052550180926,4.21670388669243,-7.411357208058865
8.745458810295256,4.143354759046969,-7.339746605044798
8.78623637215402,4.070656926804975,-7.257126735642988
8.826233797200265,3.998625866374471,-7.201095097666522
8.86543911387797,3.9274013540679222,-7.13493142716112
8.903983421735724,3.856870219219107,-7.0575773348958
8.941856783666834,3.786915331891397,-6.994711371118828
8.979049214242051,3.717545192763095,-6.933847109459172
9.015550692364359,3.6487688967791807,-6.875031437930384
9.051351174462493,3.580596362037705,-6.81829728485526
9.08658715170888,3.5128969277999436,-6.749383815430082
9.120956153037223,3.4458230006718846,-6.724806421786992
9.15474188585847,3.379381925508195,-6.645697747846622
9.187936297616941,3.3132975674222442,-6.596204942085263
9.220382176641651,3.247723136786616,-6.563779498615134
9.25221936218498,3.182665920285225,-6.503570660974334
9.283439845602457,3.1179847718764253,-6.4596961254361265
9.313884621582924,3.0538449227057307,-6.433719625945294
9.343847190549134,2.9900957187843473,-6.361811696994271
9.373169249045993,2.92658719318469,-6.338683135016005
9.401690148807019,2.8636544769219,-6.318789245108758
9.429707168546997,2.8011425301422745,-6.2499464393969655
9.457214347395125,2.7387205040960243,-6.214976955069321
9.483896727721925,2.6767423848458374,-6.217565925457303
9.510055247325422,2.6152165428750545,-6.15108967079299
9.535684109687448,2.553794891495961,-6.120376991512022
9.560621447207595,2.4926667839859267,-6.110195325987774
9.584860023296272,2.4320352048059446,-6.083613763003778
9.608549868664948,2.3717244262691883,-6.038053199455401
9.631685488061914,2.3115475147213473,-6.012451533943642
9.654261462896587,2.2515061156276075,-5.987939756327863
9.676113869015477,2.1918211184657888,-5.98647290934974
9.697395122867063,2.1325073802400265,-5.943587036655809
9.71825959543161,2.0731339795663795,-5.899454876616264
9.738383707924259,2.0139333028384825,-5.92454521691039
9.757921584437161,1.9551438947002073,-5.883021745924067
9.776868410190236,1.8965530592733963,-5.864867794863547
9.795219482993554,1.8381738480469088,-5.847676617943013
9.813131784783483,1.7797531246587361,-5.804640085585187
9.830278095020999,1.7215686102453007,-5.841993538490997
9.846977565739465,1.6636206379404894,-5.772844198378414
9.862901713496289,1.605951235545988,-5.815962614951534
9.878534432213764,1.5482563949485928,-5.714067240946472
9.893383736015354,1.4905654547564564,-5.790986813376131
9.907772119590577,1.433170978498058,-5.716840760436855
9.921532836510233,1.375786587293074,-5.737250188398722
9.934662299219225,1.3187592554717666,-5.727981663918642
9.947321616392275,1.2617548576263669,-5.681631552815901
9.959343491587937,1.204792063045508,-5.708620467518578
9.970889828710805,1.1478557109476373,-5.660212084630252
9.981793025379178,1.090969423762148,-5.692018757282381
9.992050185711333,1.034581937807305,-5.68748782295587
10.00182434884637,0.9782854269949806,-5.634656937630373
10.011113564475972,0.9216002077080322,-5.623845107260734
10.019749793004635,0.8650085156246012,-5.6682492135659475
10.027897076445022,0.8084918338170164,-5.60840629274857
10.035387240145873,0.7521091140711419,-5.66155281655183
10.042384953147739,0.6958431230595283,-5.595014099195863
10.048721962814824,0.6397820891750358,-5.659900688842442
10.054563519016686,0.5839168199833216,-5.584243171972904
10.059908435243543,0.5274553319545147,-5.571820332981399
10.06458842644417,0.47123824430012184,-5.660617840984799
10.068769508558054,0.4152368987634077,-5.561676239273423
10.072450828321625,0.35830734044203316,-5.541023313576379
10.075464188531488,0.3016256745156153,-5.673615010168117
10.07797626555525,0.24502881350903652,-5.520476310874379
10.079819000840066,0.18914321121985203,-5.736245658847922
10.081159462015366,0.1339579515360507,-5.514896274838232
10.081997374318595,0.07463660823275968,-5.284018199640558