0.000029,0.005882,0.588235
0.000046,0.001706,-0.417647
0.000311,0.026471,2.476471
0.000782,0.047059,2.058824
0.001517,0.073529,2.647059
0.002576,0.105882,3.235294
0.004017,0.144118,3.823529
0.005899,0.188235,4.411765
0.008282,0.238235,5.000000
0.011223,0.294118,5.588235
0.014782,0.355882,6.176471
0.019017,0.423529,6.764706
0.023988,0.497059,7.352941
0.029752,0.576471,7.941176
0.036370,0.661765,8.529412
0.043899,0.752941,9.117647
0.052399,0.850000,9.705882
0.061899,0.950000,10.000000
0.072399,1.050000,10.000000
0.083899,1.150000,10.000000
0.096399,1.250000,10.000000
0.109899,1.350000,10.000000
0.124399,1.450000,10.000000
0.139899,1.550000,10.000000
0.156399,1.650000,10.000000
0.173899,1.750000,10.000000
0.192399,1.850000,10.000000
0.211899,1.950000,10.000000
0.232399,2.050000,10.000000
0.253899,2.150000,10.000000
0.276399,2.250000,10.000000
0.299899,2.350000,10.000000
0.324399,2.450000,10.000000
0.349899,2.550000,10.000000
0.376399,2.650000,10.000000
0.403899,2.750000,10.000000
0.432399,2.850000,10.000000
0.461899,2.950000,10.000000
0.492399,3.050000,10.000000
0.523899,3.150000,10.000000
0.556399,3.250000,10.000000
0.589899,3.350000,10.000000
0.624399,3.450000,10.000000
0.659899,3.550000,10.000000
0.696399,3.650000,10.000000
0.733899,3.750000,10.000000
0.772399,3.850000,10.000000
0.811899,3.950000,10.000000
0.852399,4.050000,10.000000
0.893899,4.150000,10.000000
0.936399,4.250000,10.000000
0.979899,4.350000,10.000000
1.024399,4.450000,10.000000
1.069899,4.550000,10.000000
1.116399,4.650000,10.000000
1.163899,4.750000,10.000000
1.212399,4.850000,10.000000
1.261899,4.950000,10.000000
1.312399,5.050000,10.000000
1.363899,5.150000,10.000000
1.416399,5.250000,10.000000
1.469899,5.350000,10.000000
1.524399,5.450000,10.000000
1.579899,5.550000,10.000000
1.636399,5.650000,10.000000
1.693899,5.750000,10.000000
1.752399,5.850000,10.000000
1.811899,5.950000,10.000000
1.872399,6.050000,10.000000
1.933899,6.150000,10.000000
1.996399,6.250000,10.000000
2.059899,6.350000,10.000000
2.124399,6.450000,10.000000
2.189899,6.550000,10.000000
2.256399,6.650000,10.000000
2.323899,6.750000,10.000000
2.392399,6.850000,10.000000
2.461899,6.950000,10.000000
2.532399,7.050000,10.000000
2.603899,7.150000,10.000000
2.676399,7.250000,10.000000
2.749899,7.350000,10.000000
2.824399,7.450000,10.000000
2.899899,7.550000,10.000000
2.976399,7.650000,10.000000
3.053899,7.750000,10.000000
3.132399,7.850000,10.000000
3.211899,7.950000,10.000000
3.292399,8.050000,10.000000
3.373899,8.150000,10.000000
3.456399,8.250000,10.000000
3.539899,8.350000,10.000000
3.624399,8.450000,10.000000
3.709899,8.550000,10.000000
3.796399,8.650000,10.000000
3.883899,8.750000,10.000000
3.972399,8.850000,10.000000
4.061899,8.950000,10.000000
4.152399,9.050000,10.000000
4.243899,9.150000,10.000000
4.336399,9.250000,10.000000
4.429899,9.350000,10.000000
4.524399,9.450000,10.000000
4.619899,9.550000,10.000000
4.716399,9.650000,10.000000
4.813899,9.750000,10.000000
4.912399,9.850000,10.000000
5.011899,9.950000,10.000000
5.112399,10.050000,10.000000
5.213899,10.150000,10.000000
5.316399,10.250000,10.000000
5.419899,10.350000,10.000000
5.524399,10.450000,10.000000
5.629899,10.550000,10.000000
5.736399,10.650000,10.000000
5.843899,10.750000,10.000000
5.952399,10.850000,10.000000
6.061899,10.950000,10.000000
6.172399,11.050000,10.000000
6.283899,11.150000,10.000000
6.396399,11.250000,10.000000
6.509899,11.350000,10.000000
6.624399,11.450000,10.000000
6.739899,11.550000,10.000000
6.856399,11.650000,10.000000
6.973899,11.750000,10.000000
7.092399,11.850000,10.000000
7.211899,11.950000,10.000000
7.332399,12.050000,10.000000
7.453899,12.150000,10.000000
7.576399,12.250000,10.000000
7.699899,12.350000,10.000000
7.824399,12.450000,10.000000
7.949899,12.550000,10.000000
8.076399,12.650000,10.000000
8.203899,12.750000,10.000000
8.332399,12.850000,10.000000
8.461899,12.950000,10.000000
8.592399,13.050000,10.000000
8.723899,13.150000,10.000000
8.856399,13.250000,10.000000
8.989899,13.350000,10.000000
9.124399,13.450000,10.000000
9.259899,13.550000,10.000000
9.396399,13.650000,10.000000
9.533899,13.750000,10.000000
9.672399,13.850000,10.000000
9.811899,13.950000,10.000000
9.952399,14.050000,10.000000
10.093899,14.150000,10.000000
10.236399,14.250000,10.000000
10.379899,14.350000,10.000000
10.524399,14.450000,10.000000
10.669899,14.550000,10.000000
10.816399,14.650000,10.000000
10.963899,14.750000,10.000000
11.112399,14.850000,10.000000
11.261899,14.950000,10.000000
11.412399,15.050000,10.000000
11.563899,15.150000,10.000000
11.716370,15.247059,9.705882
11.869752,15.338235,9.117647
12.023988,15.423529,8.529412
12.179017,15.502941,7.941176
12.334782,15.576471,7.352941
12.491223,15.644118,6.764706
12.648282,15.705882,6.176471
12.805899,15.761765,5.588235
12.964017,15.811765,5.000000
13.127149,16.313156,50.139100
13.293497,16.634867,32.171149
13.461841,16.834332,19.946448
13.632230,17.038948,20.461620
13.804738,17.250835,21.188718
13.979462,17.472347,22.151210
14.156523,17.706088,23.374112
14.336072,17.954911,24.882305
14.518325,18.225263,27.035172
14.703565,18.524013,29.875017
14.892114,18.854885,33.087130
15.084328,19.221420,36.653523
15.280593,19.626520,40.510020
15.481310,20.071704,44.518412
15.686870,20.556005,48.430056
15.897615,21.074454,51.844960
16.113777,21.616243,54.178924
16.335406,22.162890,54.664695
16.562277,22.687156,52.426570
16.793816,23.153824,46.666816
17.029050,23.523459,36.963475
17.266644,23.759379,23.591966
17.505007,23.836286,7.690773
17.742480,23.747259,-8.902770
17.977537,23.505757,-24.150170
18.208953,23.141627,-36.413026
18.435885,22.693144,-44.848324
18.657872,22.198696,-49.444729
18.874781,21.690891,-50.780489
19.086720,21.193930,-49.696088
19.293956,20.723602,-47.032848
19.496843,20.288705,-43.489690
19.695772,19.892915,-39.579057
19.891137,19.536505,-35.640984
20.083314,19.217704,-31.880076
20.272651,18.933654,-28.404986
20.449702,17.705151,-122.850338
20.609702,16.000000,-170.515069
20.769702,16.000000,0.000000
20.929702,16.000000,-0.000000
21.089702,16.000000,-0.000000
21.249702,16.000000,0.000000
21.409702,16.000000,0.000000
21.569702,16.000000,0.000000
21.729702,16.000000,-0.000000
21.889702,16.000000,0.000000
22.049702,16.000000,-0.000000
22.209702,16.000000,-0.000000
22.369702,16.000000,0.000000
22.529702,16.000000,0.000000
22.689702,16.000000,0.000000
22.849702,16.000000,0.000000
23.009702,16.000000,0.000000
23.169702,16.000000,-0.000000
23.329702,16.000000,0.000000
23.489702,16.000000,0.000000
23.649702,16.000000,0.000000
23.809702,16.000000,0.000000
23.969702,16.000000,0.000000
24.129702,16.000000,0.000000
24.289702,16.000000,0.000000
24.449702,16.000000,0.000000
24.609702,16.000000,0.000000
24.769702,16.000000,0.000000
24.929702,16.000000,0.000000
25.089702,16.000000,0.000000
25.249702,16.000000,0.000000
25.409702,16.000000,0.000000
25.569702,16.000000,0.000000
25.729702,16.000000,0.000000
25.889702,16.000000,0.000000
26.049702,16.000000,-0.000000
26.209702,16.000000,0.000000
26.369702,16.000000,-0.000000
26.529702,16.000000,0.000000
26.689702,16.000000,0.000000
26.849702,16.000000,-0.000000
27.009702,16.000000,0.000000
27.169702,16.000000,0.000000
27.329702,16.000000,-0.000000
27.489702,16.000000,0.000000
27.649702,16.000000,0.000000
27.809702,16.000000,-0.000000
27.969676,15.997345,-0.265534
28.129567,15.989093,-0.825186
28.289316,15.974959,-1.413421
28.448866,15.954942,-2.001657
28.608156,15.929043,-2.589892
28.767129,15.897262,-3.178127
28.925725,15.859598,-3.766362
29.083885,15.816052,-4.354598
29.241551,15.766624,-4.942833
29.398665,15.711313,-5.531068
29.555166,15.650120,-6.119304
29.710996,15.583045,-6.707539
29.866097,15.510087,-7.295774
30.020410,15.431247,-7.884010
30.173875,15.346525,-8.472245
30.326434,15.255920,-9.060480
30.478028,15.159433,-9.648715
30.628626,15.059718,-9.971417
30.778223,14.959718,-10.000000
30.926820,14.859718,-10.000000
31.074417,14.759718,-10.000000
31.221014,14.659718,-10.000000
31.366611,14.559718,-10.000000
31.511209,14.459718,-10.000000
31.654806,14.359718,-10.000000
31.797403,14.259718,-10.000000
31.939000,14.159718,-10.000000
32.079597,14.059718,-10.000000
32.219195,13.959718,-10.000000
32.357792,13.859718,-10.000000
32.495389,13.759718,-10.000000
32.631986,13.659718,-10.000000
32.767583,13.559718,-10.000000
32.902180,13.459718,-10.000000
33.035778,13.359718,-10.000000
33.168375,13.259718,-10.000000
33.299972,13.159718,-10.000000
33.439440,13.946792,78.707344
33.600321,16.088074,214.128246
33.763668,16.334682,24.660822
33.929987,16.631983,29.730043
34.099846,16.985904,35.392091
34.273856,17.400926,41.502194
34.452637,17.878131,47.720516
34.636759,18.412173,53.404232
34.826630,18.987130,57.495663
35.022349,19.571884,58.475376
35.223519,20.116990,54.510638
35.429084,20.556497,43.950726
35.637267,20.818293,26.179524
35.845696,20.842969,2.467679
36.051739,20.604230,-23.873938
36.252931,20.119279,-48.495059
36.447354,19.442279,-67.700005
36.633806,18.645206,-79.707328
36.811781,17.797522,-84.768427
36.981316,16.953411,-84.411069
37.142797,16.148161,-80.525040
37.296803,15.400548,-74.761295
37.443977,14.717461,-68.308650
37.584961,14.098369,-61.909184
37.720348,13.538706,-55.966328
37.850669,13.032102,-50.660407
37.976386,12.571709,-46.039278
38.097895,12.150913,-42.079673
38.215532,11.763662,-38.725004
38.329578,11.404592,-35.907044
38.440268,11.069017,-33.557477
38.547797,10.752882,-31.613489
38.652324,10.452682,-30.019989
38.753977,10.165382,-28.730074
38.852861,9.888336,-27.704611
38.949053,9.619221,-26.911445
39.042613,9.355976,-26.324494
39.133580,9.096748,-25.922853
39.221941,8.836088,-26.065988
39.309522,8.758094,-7.799343
39.397673,8.815126,5.703154
39.486320,8.864691,4.956545
39.575405,8.908437,4.374557
39.664883,8.947830,3.939318
39.754725,8.984192,3.636203
39.844912,9.018725,3.453272
39.935437,9.052533,3.380770
40.026304,9.086639,3.410666
40.117524,9.122001,3.536210
40.209119,9.159516,3.751503
40.301119,9.200027,4.051049
40.393562,9.244319,4.429258
40.486494,9.293118,4.879903
40.579964,9.347073,5.395480
40.674032,9.406738,5.966466
40.768757,9.472543,6.580462
40.864205,9.544755,7.221214
40.960439,9.623430,7.867538
41.057523,9.708352,8.492210
41.155512,9.798961,9.060928
41.254455,9.894277,9.531537
41.354383,9.992815,9.853773
41.455308,10.092514,9.969899
41.557215,10.190680,9.816625
41.660055,10.283967,9.328730
41.763739,10.368413,8.444635
41.868134,10.439552,7.113851
41.973060,10.492609,5.305735
42.078288,10.522792,3.018290
42.183545,10.525644,0.285221
42.288519,10.497436,-2.820854
42.392874,10.435529,-6.190720
42.496261,10.338658,-9.687080
42.598332,10.207075,-13.158332
42.698757,10.042523,-16.455202
42.797238,9.848054,-19.446889
42.893515,9.627718,-22.033590
42.987377,9.386185,-24.153311
43.078660,9.128359,-25.782542
43.167251,8.859042,-26.931764
43.253077,8.582665,-27.637697
43.336108,8.303121,-27.954322
43.416345,8.023678,-27.944383
43.493815,7.746954,-27.672385
43.568564,7.474958,-27.199569
43.640656,7.209150,-26.580760
43.710161,6.950522,-25.862834
43.777158,6.699679,-25.084345
43.841727,6.456919,-24.275920
43.903950,6.222308,-23.461123
43.963907,5.995734,-22.657462
44.021677,5.776959,-21.877468
44.077334,5.565662,-21.129681
44.130948,5.361467,-20.419540
44.182588,5.163966,-19.750108
44.232315,4.972739,-19.122675
44.280189,4.787366,-18.537269
44.326263,4.607436,-17.993006
44.370589,4.432552,-17.488395
44.413212,4.262337,-17.021557
44.454177,4.096433,-16.590381
44.493522,3.934506,-16.192668
44.531284,3.776244,-15.826176
44.567498,3.621357,-15.488712
44.602193,3.469576,-15.178165
44.635400,3.320650,-14.892521
44.667143,3.174352,-14.629886
44.697448,3.030466,-14.388504
44.726336,2.888799,-14.166722
44.753828,2.749169,-13.963049
44.779942,2.611408,-13.776086
44.804696,2.475362,-13.604571
44.828104,2.340889,-13.447341
44.850183,2.207855,-13.303347
44.870944,2.076139,-13.171636
44.890401,1.945626,-13.051326
44.908563,1.816209,-12.941651
44.925441,1.687790,-12.841892
44.941043,1.560276,-12.751420
44.955379,1.433579,-12.669663
44.968455,1.307618,-12.596105
44.980278,1.182315,-12.530304
44.990854,1.057597,-12.471846
45.000221,0.936653,-12.094342
45.008451,0.823012,-11.364105
45.015621,0.716939,-10.607380
45.021804,0.618357,-9.858127
45.027076,0.527205,-9.115227
45.031510,0.443428,-8.377706
45.035180,0.366981,-7.644675
45.038159,0.297828,-6.915349
45.040518,0.235937,-6.189048
45.042331,0.181286,-5.465141
45.043669,0.133855,-4.743104
45.044606,0.093630,-4.022470
45.045212,0.060602,-3.302845
45.045559,0.034763,-2.583909
45.045720,0.016109,-1.865384
45.045767,0.004638,-1.147089
45.045770,0.000349,-0.428889
45.045770,0.000000,-0.034898