0.0,0.0,0.0
5.587132055093058E-4,0.04655975183040125,3.8800058225444003
0.0013036458618854226,0.08480169413451574,4.353388815251418
0.0026072277002027163,0.1328964027489899,4.9031166116697165
0.0044693764268470375,0.18439107280727968,5.09903281088384
0.006703782432834456,0.23509700250155247,5.335114588948665
0.009682697896840162,0.286568747713358,4.951531436925627
0.013033578199143603,0.3390223365079672,5.3069452284381216
0.01675628246930929,0.3893206195747416,5.260197239957177
0.021222838517897642,0.44029228937885334,5.024549775572215
0.026060759615981192,0.49196627584595987,5.254707169657502
0.031641880876147735,0.5439395700721777,5.065349774500356
0.037593783866382645,0.5962938527605495,5.245135376699409
0.04391621903788531,0.6473689748912083,5.229701619591199
0.050980688840307244,0.698774879938974,5.084763065388416
0.058414942727039544,0.7505387902490693,5.2259208811843525
0.06640444481177081,0.8019216686492427,5.157398189483563
0.0749486935345144,0.8535740891008975,5.160098818228287
0.08404715299249974,0.9054465328296405,5.162162291372241
0.0936992529639578,0.9574998556588649,5.163751851196123
0.10371887621347661,1.009239396282578,5.211531555891786
0.11429104629908303,1.060684403845866,5.161373373325011
0.12541510252951388,1.112316052517309,5.162749130849702
0.1370903504590617,1.1641061402737012,5.163844016532574
0.14931606207083664,1.2160310477877612,5.164713653951299
0.16190636888356325,1.267700926382902,5.2025700354610205
0.17504576760207075,1.3191276946245554,5.162981631499591
0.18891836210162355,1.3710346678389307,5.129989187083172
0.20296854209566997,1.4227189976870456,5.233547042727921
0.21775018645898803,1.4741647457385014,5.1306543596599985
0.2330774602365344,1.5260423404888745,5.1651329036588844
0.2487649133291156,1.5776999750289988,5.195250512816109
0.2651806869242438,1.6294336998179169,5.1351021686352745
0.2819548836577553,1.6812517331772865,5.193641148922024
0.2992709751064294,1.7328549546605652,5.1640347528075035
0.3171278981565917,1.784530086155211,5.164149870567095
0.33552455844877793,1.8362676005850689,5.164193933759953
0.3542760577778456,1.8878108297990257,5.18912459240448
0.3737489200808367,1.9394068120653782,5.138720642378196
0.393574553313353,1.9910611905402984,5.187578479673115
0.4141188855259591,2.042753478434524,5.139840994168434
0.43501381377622483,2.094489329438057,5.185956447346
0.45644157373125993,2.1460330557689558,5.162207377520344
0.47840086986354596,2.1976130979296187,5.161958541894046
0.5008903773643948,2.2492234314771657,5.161659121130746
0.5239087425825113,2.300858495531283,5.161312485506697
0.5474545831268856,2.3525131097983696,5.160918210411178
0.5715264883511061,2.404182469431924,5.160479300690148
0.5961230195064214,2.455862073897652,5.159995114757724
0.621060768482413,2.5073624319083154,5.178096187834887
0.6467022995226301,2.558868800408157,5.140022222926266
0.6728639785345474,2.61056256789823,5.158300976850383
0.6993628493420181,2.662076876501984,5.175128055055815
0.7265603392455042,2.7135859471845123,5.139234938689171
0.7542732580270164,2.76526051840263,5.1562108171071985
0.7823191339828258,2.816756023650318,5.171893180512164
0.811058201050544,2.86823674385971,5.137915331663626
0.8403077456929732,2.9198637918465686,5.153719483143219
0.8698858127284723,2.971312490869566,5.168362146943151
0.9001513875883892,3.022738117339653,5.13607298254469
0.9309222657335756,3.074293062238569,5.150812033345322
0.9621966734596309,3.1258172265274595,5.149741658655534
0.9939728137175845,3.177308397640062,5.148621860688135
1.0262488664691687,3.2287644328958782,5.147451510583539
1.059022989034514,3.2801832523512977,5.146229318483198
1.092293316523661,3.331562841368873,5.144954753799672
1.1262364977962336,3.383035865883439,5.130193503664988
1.1604933248851375,3.434463549770074,5.155950529199949
1.1954187045443154,3.4858397740120624,5.127769193891168
1.2308321421415904,3.537295387682944,5.13967909521469
1.2665540565240654,3.5885681749757503,5.150784774612582
1.3031152545982452,3.6399090530066958,5.111323932957401
1.339980911738214,3.691316532244177,5.147372723340924
1.377326592172447,3.742536957299581,5.132972046821381
1.4153268602527282,3.793813624112735,5.1192827572650526
1.453802515347828,3.845141559043238,5.129559854233117
1.4927514564650595,3.8963974219379085,5.127564609289015
1.5321715651266914,3.947580105283147,5.12549938010004
1.5722362977858002,3.9988001620318983,5.112196129421176
1.612592054352248,4.049943146458173,5.132506410220975
1.653762641160516,4.101113302095011,5.097197349403918
1.6952198831622056,4.152309621083329,5.127764357565763
1.7373114177972715,4.203416551195181,5.103727335566632
1.779859954302684,4.2545401886955805,5.111987114059389
1.8228632477321927,4.305571302802935,5.109331935491234
1.8663190389143263,4.356509092171743,5.106590778436374
1.9103984544534653,4.407452438067467,5.093769309896068
1.9550983491869343,4.4584961068308875,5.091242380257282
2.000069903307092,4.509437194120237,5.108020797274463
2.0458292592534013,4.5603681709203245,5.075770860619671
2.091855610554787,4.611288323621056,5.10158852367723
2.138491369697661,4.662096257411395,5.07918134762343
2.1855616379350606,4.712885810988468,5.085277296330311
2.2332353740538484,4.763651504935122,5.072605884411625
2.281338242788239,4.814390338944172,5.078211730183589
2.3300385634244036,4.865097087692889,5.065536580483327
2.379162576851526,4.915768893109786,5.0706541963561635
2.428877954519846,4.966400749315451,5.057953904658411
2.479011525757545,5.016989922814947,5.062583163029378
2.5297303061706775,5.067531608202925,5.049837282150218
2.580861725473818,5.11802317383816,5.053976723635169
2.6325721356661482,5.168459997672826,5.0411649304186845
2.6846895785181735,5.218839535819513,5.0448124675411385
2.7373797348782913,5.2691573255584165,5.031914283885765
2.790639116251167,5.31948983361924,5.027156869427482
2.8442967008540743,5.3697527887177605,5.0300371384002105
2.898517145058609,5.419941984233323,5.0169734298661535
2.953296911611727,5.470131154801119,5.011729016594416
3.008465941491113,5.5202391783459825,5.0138324949084145
3.0641878499927513,5.5702620580900515,5.000556451985054
3.1202932357723654,5.620197583542805,5.002149358439674
3.1771104894013287,5.670114303552979,4.9814711208050255
3.234304707754784,5.7200082434908195,4.989905552707685
3.2918733139955583,5.769730788871232,4.983370620135349
3.350142583389774,5.81942134777519,4.962655311708395
3.4087796686342924,5.869076088394623,4.970019393523587
3.467945695141977,5.918619910473004,4.956071399453411
3.5276369977453657,5.968118190812961,4.948988787758212
3.5878498995820856,6.017565741279328,4.941696490288311
3.6485807126760865,6.066957448741205,4.934190277150751
3.7096634666519064,6.116223251526052,4.932990556009663
3.7714193638022024,6.1654240493213,4.911980814307684
3.8335205125666456,6.21455634054462,4.91674305584171
3.896125464826354,6.263551121219127,4.901869618151556
3.9592304924057915,6.312468533203245,4.893265017383555
4.022831859619898,6.361303814461037,4.884424259303717
4.086925823920895,6.410052262784594,4.875343644156491
4.151508636574036,6.458709235654966,4.866019721759462
4.21657654324955,6.507270138882603,4.856448157556714
4.2821257846645135,6.555730428664944,4.846625063085648
4.348152597264661,6.604085612654913,4.836546886177053
4.41481135620754,6.652388313062523,4.820496582546502
4.481781620780228,6.7005763060593,4.821353568945635
4.5492181452978055,6.748588331013779,4.804716637964932
4.6172741346474595,6.796532808533117,4.788060794678835
4.685631465953946,6.844349661291413,4.787712652398552
4.754599927440678,6.892033520116123,4.765058496362307
4.824018761899776,6.939634471726711,4.758553024661674
4.893884192404348,6.9870934013053185,4.746266806013609
4.964192444470284,7.034406225906205,4.733692250314518
5.034939746816768,7.081568889813464,4.720825281092515
5.106276541215434,7.128628011731001,4.702579889335439
5.178044053883467,7.175578297002823,4.694261170690334
5.2502385249791805,7.222364043142894,4.68046493762219
5.323009201383798,7.269030206511268,4.66146211505017
5.3960459341106075,7.31552340588598,4.656863410257382
5.469650578924846,7.361838850001917,4.632409227818767
5.543818187108369,7.408067915917148,4.6174882590527915
5.618392444604628,7.4541568856584774,4.606876725087991
5.693369645120077,7.500053974912919,4.591137630282356
5.768746096656858,7.545755563456449,4.575076286827688
5.844668258093086,7.5913028901848785,4.554184792593766
5.921131230021136,7.636735464698943,4.5375760880784455
5.997831514364451,7.681959063509409,4.529394352849679
6.07521340572358,7.7270125610961795,4.49884250255177
6.152825385316467,7.771892275001957,4.494155459482344
6.231109296732309,7.816592000527832,4.463235301508436
6.309616167317962,7.861108167729901,4.457525857006494
6.388638168713897,7.9053937358182385,4.430346566376692
6.468170552597883,7.9495274678271155,4.411313954502655
6.548062220294524,7.990753544090794,4.123426441213209
6.628163787485917,7.999890442434698,0.9125187970448138
6.708036494667158,7.999719736641437,-0.017097185655795374
6.788117385357075,7.99618733228629,-0.35271544451864517
6.867970255910638,7.985039966875985,-1.1147020477735807
6.947596798109608,7.971878548875648,-1.3176664832122869
7.0271426146925435,7.95850358015087,-1.3381563110810946
7.106608205370203,7.944981027020886,-1.3519867799183976
7.185994098164424,7.9313187235649805,-1.3649790837238072
7.2651581549482085,7.9175399814819345,-1.3780716371699502
7.344244454289044,7.90365130769813,-1.3879930611050668
7.4231117044770425,7.889648768749249,-1.4007729940381757
7.501903243326423,7.875540628473126,-1.4101670504139536
7.580478620199132,7.861325184731394,-1.4222295882850229
7.658980450342721,7.847011860509901,-1.4307542222128717
7.737269118785578,7.832598377305069,-1.4420353214192536
7.815486536930599,7.818092294198655,-1.449931476170592
7.893493920193288,7.803493888572699,-1.460356242196045
7.971293255797515,7.788817128779653,-1.4693518547844344
8.049025431507715,7.774058444534752,-1.4760280776398584
8.126691399363722,7.759201493932812,-1.4842803931779585
8.204154017890072,7.744268809166337,-1.4928842721058122
8.281415419453005,7.729273483001994,-1.5001407500563808
8.358615206017392,7.714205778521339,-1.505643708959981
8.435617447497616,7.699074459402147,-1.5129059924515482
8.512424398541343,7.683891481998027,-1.5189295911572644
8.589038354155772,7.668662471536917,-1.5243455329405051
8.66559770954341,7.6533803891776095,-1.5276982002046589
8.741968120103639,7.638048370661006,-1.5334040787607297
8.818287419224676,7.622669918652418,-1.5359792984392042
8.894286981533408,7.607264981963295,-1.5419751359681209
8.970239814641452,7.591838344374745,-1.5419640581797953
9.046013126753467,7.576379831626162,-1.5456571839193727
9.121609573201727,7.560910953370022,-1.5471469432527483
9.197031864550507,7.54543490197015,-1.5482629377735477
9.272282768306656,7.529958455409392,-1.5486458477297984
9.347498323713046,7.514472948220163,-1.5470925426822062
9.422414700377155,7.498997752482324,-1.5490399192367683
9.497300991863174,7.480780144902777,-1.8198513287862323
9.57162995516654,7.432691158094874,-4.808765939463254
9.645407156839502,7.37657426305935,-5.610817898417957
9.718638117892276,7.320595863957884,-5.595928703405327
9.791196757094339,7.26480605646028,-5.585856292986095
9.863351867251806,7.209153549142741,-5.560347282006235
9.934845954419536,7.153638061160289,-5.554832903641931
10.005815886638945,7.098309229802672,-5.533909107955435
10.076266926799484,7.04311543988281,-5.517821072398757
10.146204288029612,6.988055468893408,-5.501524859131425
10.215502979795403,6.933179560255274,-5.490212274225966
10.284298683594022,6.878486415357585,-5.468452729158427
10.352466692754952,6.823975170200389,-5.45686148133281
10.420271671804269,6.769592107977048,-5.42955921521607
10.487329878709007,6.71538820043046,-5.428124281233398
10.554034813841863,6.661360932800768,-5.395329883427542
10.620003698090674,6.607509542398341,-5.393809217894679
10.68562879814656,6.553831204037277,-5.360734972320417
10.750656895502086,6.5002718156929165,-5.353848515929416
10.815093035487891,6.446934545376543,-5.3364756274114
10.87894215799045,6.393817714504057,-5.319091646987033
10.942465622779354,6.340812085164331,-5.290938336187572
11.005282983484047,6.287969105253967,-5.289541320718062
11.067655292690098,6.235339138450321,-5.261400388143276
11.129458839544796,6.182866350428105,-5.249411269849204
11.190825861260224,6.130547390421756,-5.226648691276826
11.25150499893095,6.078434410870595,-5.220333385021006
11.311883582209417,6.026468978541732,-5.186740875354207
11.37158264881297,5.974648919954515,-5.186122240840218
11.430861351709147,5.923025188757504,-5.158153692281021
11.489468634457953,5.871595788376265,-5.152476561171902
11.547790419722883,5.820300748907771,-5.119057231830903
11.605448281088284,5.7691375163215675,-5.119297136235407
11.662573165492645,5.718214475159858,-5.097408495899106
11.719295690995486,5.667415543528281,-5.075561290179383
11.775491967938612,5.616737034987706,-5.065244021163018
11.83116524214143,5.5662320261701685,-5.049507175346797
11.886318642541312,5.51589715532074,-5.03399552736189
11.940955181319394,5.465729028398319,-5.018718128064289
11.995077753916018,5.415724205927608,-5.0036854213510455
12.048689139232195,5.365879219490743,-4.9889062806341515
12.101919041730895,5.31613096778857,-4.9684145386839065
12.154515932831476,5.266535298168188,-4.9660225010740335
12.206736347719074,5.217087580718742,-4.940080869822117
12.258455578589048,5.1677245128196,-4.932299489366049
12.30954873387489,5.118563230778708,-4.925026243235012
12.36027210857301,5.069539185356506,-4.899700005602252
12.410500609886823,5.020587811031432,-4.892932634685658
12.460236117421049,4.971766260294528,-4.8804033730219665
12.509480399153967,4.923070990619588,-4.868184915708559
12.558235112720872,4.874498519495701,-4.856277911605843
12.60650180636524,4.826045389912252,-4.844686573643294
12.65428192013426,4.7777081936289925,-4.833412910149217
12.701576787244305,4.7294835871673495,-4.822457460917703
12.748387635299943,4.681368276248868,-4.811822461919617
12.794715587780669,4.633359041875556,-4.801507691704155
12.840561665549565,4.5854527419569795,-4.791512927801338
12.885926788321132,4.537646306822547,-4.781838570622541
12.930811776356018,4.489936761756754,-4.772482953790754
12.975217352172898,4.442321228666965,-4.763444445160412
13.019144142191283,4.39479691942664,-4.754722294978571
13.062720896994147,4.347290861250854,-4.739284820449263
13.105691725721217,4.299870185849812,-4.745143493622092
13.148185093780901,4.252602522609878,-4.73039895660171
13.190201262047585,4.205416056091661,-4.722913395300856
13.231869067567398,4.158235301082839,-4.708399652007985
13.272931394334421,4.111130808829283,-4.716068099028967
13.313645700617355,4.064098824401805,-4.69472895578017
13.353754230879096,4.017139359757232,-4.703306566104494
13.393514773287915,3.970248879602242,-4.682201625550976
13.432668918477063,3.923427800349298,-4.691690320295143
13.471474815315077,3.8766728261125962,-4.6707782290310345
13.509802943237082,3.829905338769875,-4.673201097095645
13.547652868886026,3.7832008653680615,-4.668236493490428
13.585024091903561,3.7365585394172394,-4.6635289738323005
13.621916047220664,3.6899776805147617,-4.659073454143305
13.658328107386795,3.6434578036736416,-4.654864556671532
13.694259585130496,3.596998648507722,-4.650894670534915
13.729840140240587,3.5505143021279824,-4.638582398045098
13.764808310270823,3.5040896766255316,-4.652117935358882
13.799424201699916,3.4577226164723642,-4.631526906633344
13.833556509935889,3.411326689193239,-4.637004444672878
13.86720428674715,3.3649883531652858,-4.634123731673673
13.900366537917664,3.3187085298248657,-4.63144807898924
13.93304222579744,3.2724884149286866,-4.628970355297087
13.965361728002582,3.2262345871565756,-4.617202888818621
13.99719277676836,3.1799459416767,-4.624270831368062
14.02853421923995,3.133716316994917,-4.622331257573026
14.059384868052053,3.087547782523381,-4.620569152309649
14.089743504108313,3.0414427600964955,-4.618975187306569
14.119741103569341,2.995301336215742,-4.607284285679979
14.149244472854287,2.949123223771141,-4.6159115769118335
14.17825231015243,2.9030108946874336,-4.614773322586932
14.206763290639566,2.8569678383848798,-4.613784892339808
14.23490890760271,2.8108881330184197,-4.601956217807358
14.262555262784048,2.7647722101934793,-4.611820293761271
14.289834117354596,2.7186167073335423,-4.59986766987941
14.31647793837451,2.672538148172014,-4.621961207438965
14.342751753557401,2.6265374296371737,-4.598594006272808
14.368520997461635,2.5805041126405874,-4.609726395917382
14.3939179824741,2.5344351848718163,-4.59734537029432
14.418807824176191,2.488332232776145,-4.609087639000708
14.443189078413933,2.442319739972679,-4.609164826528584
14.467194479544863,2.3962746138518796,-4.596330892913845
14.490688686657528,2.3501991677845564,-4.6090712695025795
14.513670250140173,2.3042262334742105,-4.609435791767599
14.53627233011315,2.2582257032936304,-4.5960185851531685
14.55632902374924,1.9975634309755497,-25.960880315816983
14.576531446223917,2.020524493508539,2.2964270400263644
14.597099498467836,2.056743675345537,3.6218097992949336
14.618025693825595,2.092681243757332,3.5938628152833942
14.639302487376138,2.1283220597273274,3.5651581933825023
14.660922285774419,2.1636518828690536,3.5357146701287037
14.682877457647749,2.1986573685228588,3.5055552930994867
14.705160344331388,2.2333260496053122,3.4747054843551552
14.727878803775322,2.267732771773019,3.4344428864795638
14.750908091958772,2.3018610780528386,3.4112482878147605
14.774240515332286,2.3356102082205252,3.378338018145554
14.797981606197041,2.369050506502294,3.3369046112208656
14.822008946421766,2.402169238989447,3.3110947641675903
14.84631493539971,2.4348771094031787,3.2765441077091175
14.871002845741385,2.467240797959505,3.2343366317167987
14.895952803238872,2.4992515129775095,3.2065316323003934
14.921266622473329,2.5308983545359336,3.1640796074521433
14.946934597111639,2.5622407748482954,3.128677990311971
14.972839610558,2.5932035336754624,3.099505652417731
14.999081396518907,2.623781006743105,3.0572840274131203
15.025650678402664,2.6540319847956257,3.0218002757470495
15.052433344974235,2.683892976332877,2.9923721463283153
15.079631421788054,2.71342015447928,2.9457832932746553
15.107027079413362,2.7426150618360006,2.9227403021522202
15.13471701209788,2.771423568909561,2.883379183272647
15.16269319940138,2.7999065898317883,2.8506313999579094
15.191048821934194,2.8281200709606646,2.8139432368274115
15.21957404638028,2.8560220337972164,2.793619408604355
15.248363679519331,2.8835755791174242,2.759768768838021
15.277509688930374,2.910892333301426,2.7281995693984142
15.306906130143256,2.937988208042985,2.7080611527365623
15.336547622720715,2.964837324795282,2.685534922945523
15.366429358817776,2.9914651698342314,2.6657176384606167
15.396642367883127,3.0179420492204327,2.6447444363756816
15.427086359458254,3.0442988025215003,2.6355884482095577
15.4577585307361,3.070528739000677,2.625825640183703
15.48874980259251,3.096711128544345,2.6161977942506724
15.519872214062426,3.11333287516368,1.6627577282254993
15.550852670607902,3.093869426561795,-1.9437211480868373
15.58151761416075,3.07207407575111,-2.1835009114564876
15.612059991108488,3.0515698601602583,-2.048630544058071
15.642398724369048,3.0323339338260125,-1.922616599412841
15.672544389593753,3.0144030142709086,-1.7929946993261217
15.70250761435838,2.9977813842837873,-1.6629723049926504
15.732299068376147,2.9824728582350164,-1.5325624393094373
15.762017147772932,2.9684609641491053,-1.3996113299406958
15.791584021583098,2.9557537050198857,-1.2703246373961699
15.821010521996234,2.944375142339325,-1.1385233256360077
15.850307482520883,2.934326441765379,-1.0064582561288697
15.8795718867373,2.9255966592030482,-0.8727265558201721
15.908813625543711,2.9181813988280267,-0.740006435223009
15.937871584867228,2.9121071990932053,-0.6087392641570637
15.96701343025576,2.9073679067316767,-0.4728206580201466
15.995993280555375,2.903965866811833,-0.3409061020887523
16.025077424400386,2.901905476153083,-0.2055779591623246
16.05402128119855,2.9011877703203317,-0.07193925119189022
16.083090093377017,2.90181565162383,0.06267871499762492
16.11212476362306,2.903792788614896,0.1977358822438825
16.141220544901007,2.907120055839102,0.33244562798378935
16.17030340893892,2.9117963767739448,0.4681964725673604
16.199468425002994,2.9178209830972746,0.6027331754761769
16.228726088469706,2.9252032524049327,0.7380848512889835
16.258086916291436,2.933946208186648,0.873659357285688
16.287476686936056,2.9440366211962368,1.0107784025413333
16.317075288874534,2.9554883577150806,1.1434821829562658
16.346723546221778,2.9683015862456217,1.2828250283542435
16.376601812454368,2.982477442583079,1.4150476947570392
16.40655021517195,2.9980146426300687,1.5553668649914714
16.436664081838625,3.0148878235792305,1.689279837483351
16.46703958611814,3.0331434737722422,1.822916443884211
16.49751529558613,3.0527556700551925,1.9645561809775802
16.528273514218192,3.073722210507437,2.0952228032604117
16.559238350358783,3.09607167012749,2.2346486336350218
16.59041974533492,3.119771589664457,2.371232451445775
16.621915209954643,3.1448536672761325,2.5044705551218485
16.653647600691702,3.1713180556582192,2.644836734915372
16.685626546244077,3.199125652460045,2.781830192502496
16.717861527781547,3.228270840991618,2.9188340679614155
16.75045140743361,3.258790383254356,3.051769196111211
16.783406908678575,3.290727731611596,3.1890614295953674
16.816648117557374,3.324040241937717,3.3311702136868013
16.850183978782223,3.358678146714539,3.4690498342022544
16.884115002551564,3.3946843268373366,3.602296711205852
16.918451575195203,3.432107441296877,3.7406223080592174
16.953204007982723,3.470949800974564,3.879437201330733
16.988288891650743,3.511159485356811,4.024029723394009
17.023808658792742,3.552733957872145,4.158333575087005
17.05977328079281,3.5957278830744923,4.298514680693829
17.09619261957132,3.6401436177334765,4.439390128116676
17.133076419718023,3.685982608409786,4.580919583879542
17.17033715013939,3.7331848830148107,4.729236813306054
17.208177845016102,3.781811521974081,4.859762329687234
17.246511443162092,3.8319302646673243,5.01000522366596
17.285347151170743,3.883480944038912,5.154948660835914
17.324694026158237,3.9364666199996767,5.300963413840454
17.364662053863665,3.9909591762445458,5.441288446488747
17.40505864138521,4.046895118924428,5.603614247934251
17.446095393108124,4.104277609937789,5.73909150165723
17.48778329320723,4.163207113061374,5.885058398001168
17.530028743814764,4.22297101592031,5.974163512095233
17.572839882256186,4.283025792864285,6.008159745336047
17.616224666058045,4.343346274931512,6.038816334438984
17.660298037019725,4.403991053301531,6.059873695688885
17.704962247361895,4.464945635225793,6.093444671354481
17.75022473108455,4.526121458367441,6.117410780003494
17.796092734166518,4.587504154313466,6.139211514225466
17.842573313776747,4.649079636005407,6.1589016404654995
17.88967333811041,4.710834174912576,6.176544417025697
17.937399485970136,4.772754387425192,6.192202371088021
17.98575824668584,4.834827277855281,6.205942820392746
18.03475592074395,4.897040315979575,6.217841187990199
18.084282956693368,4.959309180971508,6.235191505475422
18.13457563060419,5.021694443228398,6.229132405452891
18.18540737306892,5.084185755195806,6.250374721044471
18.236899385915887,5.146700134435677,6.248401378175383
18.28893745354751,5.209228513942586,6.259352667816098
18.341644351488373,5.271761602825547,6.2545805152327425
18.39502506304368,5.334362224453713,6.255712625610631
18.448961871224736,5.396951211626279,6.262693725248506
18.503579950491034,5.459520849779199,6.254343774951994
18.55875925626579,5.522064663157006,6.259067179323923
18.614626579780722,5.584575974163955,6.248718277502321
18.67105956122034,5.6470492824534055,6.251483472052846
18.728186619128106,5.709478858784919,6.239431178184632
18.785883092922486,5.77186010320485,6.240516831909918
18.84427903535038,5.834188173628968,6.227036952139436
18.90324750199889,5.896459315074863,6.226705100331011
18.962788837311408,5.958601446613123,6.218876230034086
19.023035554232,6.020679902568609,6.203732439832654
19.083857325647404,6.082692044672843,6.201739190960317
19.14525405769652,6.144567757161492,6.192503985472903
19.207360720131277,6.206372528348677,6.176204274701921
19.27004365761719,6.268104659606688,6.173026905013034
19.333302364900693,6.329695868944631,6.162845243778237
19.397274254285055,6.391211579297947,6.145823174873475
19.46182240169052,6.452650907578761,6.141873211355264
19.526945913726436,6.513947198979325,6.131131340955863
19.59264377850151,6.5751005897529815,6.120285600115975
19.659056631192964,6.636176255830254,6.102868173936573
19.7260432961727,6.697174121159781,6.098427578899002
19.793602401147204,6.758029470543642,6.08744364999465
19.861732464857905,6.81874317058627,6.076482318945242
19.930577281186245,6.8793798776048485,6.0591772097750685
19.999991549182447,6.939940129814067,6.054728180687741
20.069973450170625,7.0003609233014705,6.043953589593737
20.140521063988352,7.060643592509973,6.033293247679866
20.21178126107166,7.120852168359328,6.016491469838224
20.283604748825542,7.179312915992316,5.843603724707495
20.355688093679134,7.2118893195876765,3.259246884798945
22.357133479967928,200.19140712937576,19302.470845395073
22.43713280401849,7.999984255398522,-19219.266853338802
22.517147744938374,7.999985067785106,8.122333735182748E-5
22.59717560732789,7.999985459729792,3.9180751455346334E-5
22.67704491674756,7.999985562559791,1.0299807502864721E-5
22.757089803424602,7.9999857403749814,1.7771516014298734E-5
22.837138997359247,7.9999871656738,1.424420621244224E-4
22.91718946545509,7.999987058218406,-1.0738747456620105E-5
22.9970679720945,7.999987335516276,2.77719193997364E-5
23.077111257883132,7.999987395612785,6.0063915493096265E-6
23.15714631104883,7.9999880828043795,6.868895999335933E-5
23.237169838497586,7.999988591860636,5.0890586507202657E-5
23.31717849302981,7.999988425398283,-1.664441061944814E-5
23.39716887746253,7.999988865466705,4.4012070933727355E-5
23.47713754862458,7.999989517419141,6.522069928589552E-5
23.557081021023308,7.999989504367739,-1.3060613178466775E-6
23.63716852590024,7.99998994027267,4.3542810664613994E-5
23.71705129415455,7.999989716199128,-2.2440209201475782E-5
23.797071533707967,7.999990302280452,5.859323758399039E-5
23.877052850313856,7.999990556065323,2.5384385505907175E-5
23.957165499628488,7.999990993518562,4.3683762823402665E-5
24.03705822860783,7.999990391968889,-6.023566433704928E-5
24.117075432099316,7.999991235210344,8.430592369440074E-5
24.19721416969924,7.9999913239752045,8.861109295561463E-6
24.27712148855216,7.999991810729908,4.873187707231578E-5
24.357143306664067,7.9999923192349325,5.0836589174201294E-5
24.437101099017326,7.999991687581721,-6.31985988209588E-5
24.517166756077334,7.999991477032058,-2.1037677971366458E-5
24.597161218269374,7.999992655470015,1.1785184552214822E-4
24.67708064887038,7.999992934400919,2.7921185694385256E-5
24.757097564447697,7.999991891154596,-1.0430247235995783E-4
24.837032183483842,7.998637557380628,-0.13552106859717847
24.916703899301467,7.958881363865017,-3.971482532068289
24.995754420504948,7.901741752121887,-5.7115683608022225
25.074178318270075,7.8448517335574754,-5.690787801618171
25.151970320461924,7.78820898578452,-5.670834337145712
25.22930275938437,7.731746621320104,-5.645143251169102
25.30617113487811,7.675397332406332,-5.626542502475473
25.38239330850593,7.619223441891069,-5.615182604552381
25.457964585674446,7.5632884037978085,-5.598063719809452
25.533058439596225,7.5075252845922735,-5.574930643716359
25.607492718240092,7.45193311139876,-5.56556956959888
25.68144141631561,7.396510230064896,-5.543517593061081
25.75490075421866,7.341188839422446,-5.528565695782424
25.827867060702538,7.285967101110521,-5.514103536208471
25.900158230663887,7.230911415397479,-5.506935169507054
25.971770556121044,7.176089400754193,-5.493574963503187
26.04305788469361,7.1213643775310835,-5.46684577391477
26.113659680446972,7.066736191703356,-5.4678917689925735
26.183930311615853,7.012202841829723,-5.441802707582997
26.253509171265424,6.957764474286327,-5.443741700269824
26.32239320252933,6.903560327299036,-5.432341746709238
26.39093746690135,6.8494504728997825,-5.407057340231587
26.458960389489423,6.795364117187766,-5.403126870343121
26.526280332646976,6.741442685769088,-5.399711027576395
26.593252906387114,6.687614444172103,-5.375073793716806
26.659517600343882,6.633880307117804,-5.379423224335019
26.725430323719678,6.580239132664014,-5.355138388842445
26.790630680786183,6.526692047479398,-5.360175170262513
26.855295699991583,6.47331219766571,-5.343606746808862
26.91960252613263,6.419952519998343,-5.327064289497857
26.98319101056561,6.366687533514453,-5.333065073711916
27.046417589090662,6.313516440050313,-5.309421774076741
27.108922324822068,6.26044082247389,-5.316025402960005
27.171061780025873,6.207459992421301,-5.29255336787326
27.23265530130305,6.1544984889232275,-5.291976923728427
27.293522421658086,6.101710223668129,-5.291834013469938
27.354019808214883,6.049018577971259,-5.268537400785405
27.414146054315378,5.99626781812596,-5.260725625767024
27.47354204699674,5.943614218381398,-5.268919163782841
27.53238561825177,5.891137321441493,-5.253736295784335
27.59085448702591,5.838679193528287,-5.238448877152657
27.648590061091806,5.786320847028989,-5.247409361844643
27.70594892117715,5.734061907244634,-5.224232062572336
27.762751446079417,5.681822340500294,-5.225400418321857
27.81917538483304,5.629600658535097,-5.210327773549736
27.874862918715365,5.5774804155579645,-5.2201922798982014
27.930170377857742,5.5254612946997135,-5.196941666523577
27.98491866398397,5.473460900034733,-5.198740401278107
28.039107266448156,5.421563341061529,-5.19234470764688
28.092735738905343,5.369769825132667,-5.186037308714282
28.145981733084373,5.317994568422346,-5.171103257803307
28.198666707168748,5.266237523727294,-5.17348438767017
28.250790389499898,5.214585524143845,-5.167397184445728
28.302352566559655,5.1630398751677875,-5.161384879974273
28.353530733135255,5.111511993977273,-5.146440373952976
28.40414693064936,5.060001818418876,-5.149371047082815
28.454201103413986,5.008599094435991,-5.143539940273826
28.503870584874534,4.9572129420946025,-5.12854356318383
28.552800638321763,4.905936346577943,-5.1412106865009
28.601345920388894,4.854768997768584,-5.116988677791234
28.649506234141008,4.803524707315475,-5.11112150488354
28.696927641652366,4.7523910895613435,-5.12441452383224
28.743964257993305,4.70136779590075,-5.099841109274668
28.790439346120806,4.6503608752885865,-5.1038222312350765
28.836529745011624,4.599368250275541,-5.08856217623061
28.881882618744864,4.548488904630389,-5.102744767686172
28.92702757713944,4.497622270915188,-5.067651245669633
28.97143581371254,4.4467701373854185,-5.092022702371664
29.015460228578668,4.396030174373605,-5.066606998066801
29.0587491169833,4.345406090826708,-5.0817244123014715
29.101830722007744,4.2947932418664285,-5.045580858532848
29.144177875441176,4.244193488736665,-5.071300556307811
29.18614258804206,4.193708266388181,-5.045198243269573
29.227549691888395,4.143234142779248,-5.050488752835123
29.268575082268658,4.092768337590858,-5.0345614677058945
29.308868780455168,4.04242005488126,-5.051134964381242
29.348956846537327,3.992077666706801,-5.013230698334716
29.388314624250224,3.941743124761029,-5.041083266947862
29.427292696402986,3.8915240209527835,-5.013815152647371
29.46554224247953,3.8414247631688667,-5.0314983890890455
29.50358780491314,3.79132850377148,-4.992208395317421
29.540906417123278,3.741237308301789,-5.021704672547347
29.5778476663788,3.6912634595912084,-4.993513901074238
29.614237931605523,3.6412915796405163,-5.000298419085276
29.65025197434475,3.591317826780724,-4.983379145074965
29.685542696126454,3.5414643762132454,-5.002850899682551
29.720458665045054,3.4917300154628212,-4.97362569651073
29.75500036602107,3.4418674220442966,-4.968499842698537
29.78882154753699,3.392124913684699,-4.988968282977764
29.8222700046935,3.3425010561010082,-4.958907240629271
29.855173149600144,3.292870087340261,-4.966951727613702
29.887704886072616,3.2432271098516985,-4.949119471101995
29.919520068936606,3.193705731041438,-4.971108039564798
29.950965458561498,3.1443042741378098,-4.93977698936653
29.982041609306567,3.0947511800762055,-4.9347970275218564
30.012404184937044,3.045318733632012,-4.957996878718469
30.04239917266141,2.9960049758600427,-4.925631742904906
30.071854953882493,2.9466713677197087,-4.935191821338491
30.10077249096957,2.8974590514830427,-4.93094106510499
30.129324684381114,2.848220719696934,-4.911764037708373
30.15734030751782,2.7989543362616467,-4.922052130529179
30.184820324223928,2.749807392133356,-4.917923875741621
30.211765695997745,2.7007824657024253,-4.913855440497906
30.238348824113675,2.651722347122189,-4.8938489189205745
30.2643989786418,2.602624576469952,-4.905270884724662
30.289917112944245,2.553646383061344,-4.901337416144685
30.31490417473663,2.50479064162205,-4.897470737593851
30.339532074108735,2.455888662202859,-4.876494539802225
30.363630546452356,2.40693743006458,-4.889212527722603
30.387200522602352,2.3581054492289484,-4.885493280618613
30.41024292466813,2.309395943947604,-4.881849279746055
30.43294785684226,2.26813085083714,-4.1222158264420665
30.455954636368993,2.301225576045219,3.310260264481177
30.479407455066607,2.348257771386566,4.709187396179618
30.50347130926673,2.395356921644795,4.688329418737459
30.52780295422006,2.4423488553101853,4.716931206936502
30.552735919653312,2.489220756936264,4.679528023132872
30.57809648355562,2.536128016783114,4.690858466175704
32.57827930015037,200.37076732300497,19818.327680838633
32.60728339863431,2.8925218244519373,-19694.117894247247
32.63676057204275,2.945909625614551,5.335506059420672
32.66670661996859,2.999243793912859,5.341678931000484
32.69711728093557,3.052523649087806,5.348059291381964
32.72816957071193,3.1059035040866916,5.339145031904934
32.75985754689426,3.159529380187868,5.346902879031517
32.791994874378354,3.2132349992732507,5.369730105535729
32.82457701191943,3.2668630770833644,5.377044003695411
32.85777855778772,3.32055841637307,5.370187023994808
32.89159319139849,3.3744584501850916,5.37883765519505
32.92583642088957,3.428410262569812,5.401620992326114
32.960680938483804,3.4824055411788746,5.396357028538115
32.9961201424906,3.5365759965542134,5.405819277603048
33.031971024407845,3.590777783828551,5.428780637467963
33.068404302952594,3.6450042124372746,5.42513791234731
33.105413112812805,3.699381644392961,5.4355401972102975
33.142990495210384,3.753900281208804,5.446295431352569
33.18095556507686,3.8084271685797075,5.46980895891421
33.219649496985056,3.8630794419596572,5.456309641815572
33.25889059812393,3.9179734201440946,5.480813259838857
33.298499677347614,3.9728576645794056,5.504982580838769
33.33881378189804,4.027845278854903,5.493898600129325
33.379652900857714,4.083048650597141,5.519170301473067
33.42100949191341,4.1383420007151,5.532922015870007
33.46304509072459,4.193831527566282,5.536110671422819
33.505413007596985,4.249400028186572,5.573386787302712
33.548443068385566,4.305039866455262,5.566613607327372
33.59212528705244,4.360964279012173,5.583149687183469
33.636283295408774,4.417056164766875,5.610783162294907
33.68107463797311,4.473307083592702,5.617773865132863
33.72632425779286,4.529712697631809,5.646483377063439
33.772188058921515,4.586265975566847,5.6551870542232585
33.81865558227584,4.643063254875833,5.675218765708863
33.86555382676344,4.699998378788173,5.705863684403894
33.91319784680362,4.757163250693322,5.707801894727035
33.96125283313821,4.814554520992989,5.7499423257123885
34.01003051817473,4.872163444376939,5.754272478717417
34.05935837935454,4.9300813710135865,5.788616905934557
34.1092254913265,4.988207303629974,5.814337148107481
34.15962087251446,5.04653812309889,5.841184197091202
34.21069020567599,5.105161314335719,5.860285018380278
34.26241984855487,5.164162324264888,5.890061783012375
34.314641083091544,5.2234466207273,5.9299317751918
34.3674968393126,5.283010222515348,5.95346920816066
34.420820038994115,5.342852890535409,5.996087513840089
34.474904118900646,5.403057461815154,6.014501099964659
34.52958100576918,5.463708092838698,6.060647607020226
34.58483670118446,5.524716738163281,6.0999229394223615
34.64065718046474,5.58608360375619,6.141123224349299
34.69717706975095,5.647891432392,6.176302010062822
34.75423178813897,5.710141797680711,6.230131754196756
34.81195406211148,5.77283524640336,6.270005070782215
34.87032700079533,5.836055273471186,6.320661263200666
34.92933370710463,5.899804546693733,6.37399162792274
34.98895729613343,5.964087507889982,6.430159808990429
35.0491809136799,6.028910371835956,6.489335126280774
35.11012966563848,6.094357492032754,6.54415610633612
35.171783826425795,6.160513896507032,6.61038028743414
35.23398381532819,6.227313058164692,6.6877711556829
35.296990850342965,6.294840991816088,6.746510207022794
35.36064451957556,6.363187487856156,6.832309491097017
35.42492545220113,6.4322921734319545,6.914982562027357
35.48995024159904,6.502246864505153,6.9952194370778304
35.55569674489057,6.573145606193173,7.088251527914825
35.622143009408255,6.644962568785635,7.18205954382484
35.68873666930043,6.658659976487197,1.3695955529654738
35.75494237490921,6.620112337512518,-3.854497101295175
35.82076395633261,6.581770567926206,-3.8339511924227265
35.886205367600304,6.543633878450915,-3.8133733430910275
35.9512706871348,6.5057009761423545,-3.7928057733715126
36.01596411868934,6.467970082468328,-3.772288555487594
36.08028999144417,6.430438817942861,-3.7518729238373183
36.144127080156586,6.393140953187741,-3.7352973238897476
36.207732274924204,6.356035606167109,-3.7079189475637664
36.27085984171122,6.319118445039089,-3.6954364898876593
36.333763135172305,6.282384346027153,-3.6687702010511356
36.396200406207676,6.245827399492784,-3.6569243741739843
36.45830049738362,6.209476228149253,-3.634805199939398
36.520068574084306,6.173287085622959,-3.616851586295896
36.58139058601255,6.137286228954624,-3.6030709840323216
36.64239297897199,6.101463075829327,-3.583033967193999
36.70308123660341,6.0657713157494015,-3.5673796373638793
36.76334412555514,6.030233160136226,-3.5561415683257502
36.82330580354841,5.994834351900018,-3.5390936133337307
36.88297205018745,5.9595252364745575,-3.526710264324352
36.94211982725235,5.924357481237611,-3.5224714127079992
37.001100793764536,5.889277974288311,-3.5027057005366786
37.059579837474864,5.854267067348061,-3.504899986285217
37.11779193218382,5.819336427884578,-3.491940011701297
37.17563169607449,5.7844288905457875,-3.4910268282210954
37.233107441619694,5.749552784521622,-3.488810986310661
37.29022746560749,5.714680882798182,-3.488825392796557
37.34710952167071,5.679750181328649,-3.48787775506912
37.40354224891861,5.644763620637041,-3.499580378875811
37.45964400006348,5.609721648483388,-3.5039139738845773
37.51531535897672,5.574589698599144,-3.5178987856505692
37.57078020580211,5.539296337462929,-3.524762029796266
37.62583200066851,5.503802793892047,-3.5484667619763024
37.68048043887524,5.468136632897322,-3.5687651448023474
37.73484032276601,5.4322241162679665,-3.588764819694308
37.78870990970252,5.396492307503274,-3.579504542314522
37.84241263263964,5.361751487315166,-3.468569825262295
37.89564328999059,5.328102746261393,-3.3680581555632902
37.948618666166574,5.295568967750556,-3.252168843753238
38.001243203780646,5.264106936368347,-3.147191503057394
38.05362763492011,5.233704742867132,-3.0374693560621537
38.10567701188394,5.204351694644077,-2.9349743488529487
38.15739938317868,5.176061850325733,-2.831076384596
38.20890354145291,5.148793682734652,-2.725957936933034
38.26009527335018,5.1225337011374465,-2.627722011689134
38.31108212431651,5.097267330964337,-2.5259344480889143
38.3617702840939,5.072980374330045,-2.4306910114528226
38.41226607468842,5.049657376689644,-2.332335937208992
38.46257506303325,5.027261109620278,-2.238007285432927
38.512603925655526,5.005798742746985,-2.14748614058777
38.56245720951061,4.985253076793466,-2.0545355589268617
38.61213984435116,4.965588309312184,-1.965417893470872
38.66165654716107,4.946789630796124,-1.8780149460457867
38.71091443470995,4.928858255886987,-1.7942548829891798
38.76001577853532,4.911776155814094,-1.708781171604323
38.80896460677417,4.895509147804989,-1.6269089451417083
38.857764721432076,4.880040168626702,-1.5469070162412695
38.9064196968894,4.865353347863051,-1.4686385493004042
38.954932879195724,4.851430852768902,-1.3922818301382154
39.00330738583889,4.838256068320682,-1.3176977963955325
39.05154610761795,4.825811740554819,-1.2449331329894244
39.099746836857456,4.814069538338557,-1.1727577340466497
39.147721509050776,4.80302480433208,-1.1057528684426212
39.1956623557015,4.792660305675997,-1.0361419283880435
39.24347627741344,4.782950157973019,-0.9713311693965836
39.29125921631965,4.773879283197504,-0.9062494304988473
39.33891818443188,4.765433502803233,-0.8444959352329356
39.386454618842095,4.757605577827743,-0.7834449509785804
39.43396317231516,4.750372779456581,-0.7232063700096633
39.481444215113626,4.7437155140887235,-0.6651111927122876
39.52880503619772,4.737628319222141,-0.6089182181479045
39.57613910307833,4.73209788548248,-0.5528904556470984
39.62335389067126,4.727112887396569,-0.49909466709296024
39.670634361953525,4.722657471356471,-0.44503371643971623
39.71779552942459,4.718722059574424,-0.39375858116415935
39.76492945153042,4.715301237956084,-0.3422207126232497
39.812127168877595,4.712380383689786,-0.29162800918683845
39.85920483284692,4.709955859752112,-0.24256515223009936
39.90625358444274,4.708022471352947,-0.19346817333902736
39.95336358606353,4.706570498445092,-0.1450607645412571
40.00035225336365,4.705597218147868,-0.0974674389005775
40.0474002921236,4.705097772719418,-0.0499476627492588
40.09450627980862,4.705069094155233,-0.002864489901213929
40.14157891654178,4.705510411980028,0.0441153452129335
40.18861752109865,4.706419476448266,0.09095590226299484
40.23571086052988,4.707795984956129,0.13760589724241173
40.28276845841605,4.709640681408596,0.18462177942871436
40.32987872210221,4.711954019947156,0.23137940595890596
40.37704048533679,4.714740531919415,0.2785663647251746
40.424252670118754,4.718003529991133,0.32607761093490756
40.471426078458826,4.721743047086243,0.37430068050220244
40.51873651619793,4.72596560508874,0.42180256279465633
40.56600703405159,4.730676450524528,0.47144576740483296
40.61332522836312,4.735874474022331,0.5202478065105741
40.660777884039106,4.741574564694192,0.5695656978756405
40.708276919331915,4.747782929644779,0.6205593219251213
40.755822146859124,4.754499865026116,0.6716903046825776
40.80341353476146,4.761730038019747,0.723410966591411
40.85113755100042,4.769485907194845,0.7751130697688291
40.89890769017005,4.777773444717474,0.8288855210807635
40.94672441346064,4.786590151843764,0.882577487501935
40.99475967646037,4.795957403515373,0.9352491732022506
41.0427566176238,4.805872963787485,0.9928324988521807
41.090972544464485,4.816340605592551,1.045623958181226
41.13923727157148,4.8273748524771705,1.1036309354604714
41.187636907952914,4.8389695744554695,1.1592340577744737
41.2360876930302,4.851127385477889,1.2172989540674533
41.28476004056923,4.863861237578793,1.2725026174047918
41.33348612305182,4.8771732763135285,1.3324510459773007
41.382435877006486,4.891064622870325,1.388024825843011
41.43152640066324,4.905548211750963,1.447325028144703
41.48067570167477,4.920598406256426,1.5067551638232106
41.53005301695042,4.936224667739501,1.562149277794822
41.57957644199429,4.948085544188193,1.1850681015132247
41.62841682934779,4.884423767631479,-6.366679532097781
41.67633224621797,4.794016222546397,-9.045423500181531
41.72341351665275,4.704658759232796,-8.929163733240667
41.76950245231404,4.616433401769338,-8.836968813305997
41.81485426011391,4.52925595994094,-8.706355206745313
41.85922769368674,4.4431230888306334,-8.624506095732546
41.90287639639749,4.358020448228477,-8.496908840572067
41.94555913655341,4.273938842339834,-8.419319847343516
41.987528127123895,4.190859215324008,-8.296006545599688
42.028624100111465,4.108686684837091,-8.215432251064652
42.068852037216715,4.0275644402948485,-8.121844940257034
42.108298388992516,3.9473923998826583,-8.022807908950918
42.147048961003925,3.8679848621234014,-7.92626116334117
42.18494408549458,3.789404826186627,-7.857780424872205
42.22206913702729,3.711713821696096,-7.767444442060495
42.25834597404902,3.634894829883965,-7.697169298622385
42.293940753611935,3.5588409866773945,-7.604023334923565
42.32877482909194,3.483447224020284,-7.539462139223774
42.36285091063183,3.4087792722731995,-7.469361344279416
42.39625276427645,3.334728202668188,-7.393008570031287
42.42882020311464,3.2613666543100077,-7.346568107877503
42.460717849537005,3.1886746945604068,-7.266712079077784
42.49186650307866,3.116546282812596,-7.216733564973642
42.52234910944222,3.0449613766233337,-7.1507426857084075
42.55208630078824,2.973904808164706,-7.106100510029404
42.58116069034495,2.903358273954795,-7.044751993766514
42.60949276610302,2.8333087237684182,-7.005205101593713
42.6370839555665,2.7638424567801105,-6.958519068936876
42.66401644695799,2.694847659895609,-6.903574727882337
42.6902913782969,2.626208634945219,-6.860546948489986
42.715909811192674,2.5579088968979167,-6.819484560891312
42.74079196344057,2.490043592660431,-6.791517240827215
42.76501958445277,2.4226019182244514,-6.74372154717953
42.78859353123549,2.3554636881511852,-6.708323577799909
42.81143390860152,2.2887347611290396,-6.686615216592558
42.83370287835247,2.22228594023228,-6.631123131216398
42.85523976746021,2.1561124663646027,-6.62479391684542
42.876125920495475,2.090325198764916,-6.584112593129222
42.8964425557564,2.0246637829474583,-6.543519083513422
42.91602899870544,1.9592484918065785,-6.543547025986987
42.93496641113898,1.8942029301231125,-6.506141953910396
42.95325528929683,1.8293919293359455,-6.482886525292065
42.97089609804831,1.7648096708968737,-6.460893934474094
42.98788927221466,1.7004513119265907,-6.440130306035383
43.004235219242176,1.6363132459068153,-6.420549804689841
43.020014821715066,1.572226152277995,-6.385420976214609
43.03506742132928,1.5083497699330073,-6.400749975653348
43.04955434365455,1.4446696053433754,-6.350334196617617
43.063314936305645,1.381201189359262,-6.3705578579876745
43.07651043558492,1.3179313254277674,-6.319225507581999
43.089060639407975,1.2546750975001701,-6.323882469283017
43.10096580458359,1.1916184960741831,-6.31149685455105
43.11230659746534,1.1285394004048819,-6.277095926796342
43.122922378603576,1.0656671001690752,-6.311447174803709
43.132974201517634,1.0029876278825358,-6.254262113759851
43.14238183313713,0.9402712430820758,-6.268359081551685
43.15114545173873,0.8777658155359569,-6.260556292973901
43.15926522252608,0.8154966754067142,-6.253905200737873
43.16682168102748,0.7531524893752606,-6.213847253836897
43.17373456993507,0.6907199271595171,-6.2381177250903015
43.18000401535567,0.6285344783387221,-6.23431516070309
43.18571050214351,0.566188671724389,-6.185853178494279
43.19077375318804,0.5036523731354462,-6.220618909548596
43.19519385898928,0.44136198644934455,-6.219898355550465
43.1989708984035,0.37941694910521073,-6.222597781961769
43.202185297353346,0.317130920971416,-6.1451069932253315
43.204676391524536,0.2555100477740867,-6.320416320119047
43.20668529749325,0.19308025601296963,-6.000261019574502
43.207970977973275,0.13030503850164069,-6.3623328360861064
43.2086941666755,0.06564883741073033,-5.869290297180791