0.000029,0.005882,0.588235
0.000147,0.017647,1.176471
0.000412,0.035294,1.764706
0.000882,0.058824,2.352941
0.001618,0.088235,2.941176
0.002676,0.123529,3.529412
0.004118,0.164706,4.117647
0.006000,0.211765,4.705882
0.008382,0.264706,5.294118
0.011324,0.323529,5.882353
0.014882,0.388235,6.470588
0.019118,0.458824,7.058824
0.024088,0.535294,7.647059
0.029853,0.617647,8.235294
0.036471,0.705882,8.823529
0.044000,0.800000,9.411765
0.052500,0.900000,10.000000
0.062000,1.000000,10.000000
0.072500,1.100000,10.000000
0.084000,1.200000,10.000000
0.096500,1.300000,10.000000
0.110000,1.400000,10.000000
0.124500,1.500000,10.000000
0.140000,1.600000,10.000000
0.156500,1.700000,10.000000
0.174000,1.800000,10.000000
0.192500,1.900000,10.000000
0.212000,2.000000,10.000000
0.232500,2.100000,10.000000
0.254000,2.200000,10.000000
0.276500,2.300000,10.000000
0.300000,2.400000,10.000000
0.324500,2.500000,10.000000
0.350000,2.600000,10.000000
0.376500,2.700000,10.000000
0.404000,2.800000,10.000000
0.432500,2.900000,10.000000
0.462000,3.000000,10.000000
0.492500,3.100000,10.000000
0.524000,3.200000,10.000000
0.556500,3.300000,10.000000
0.590000,3.400000,10.000000
0.624500,3.500000,10.000000
0.660000,3.600000,10.000000
0.696500,3.700000,10.000000
0.734000,3.800000,10.000000
0.772500,3.900000,10.000000
0.812000,4.000000,10.000000
0.852500,4.100000,10.000000
0.894000,4.200000,10.000000
0.936500,4.300000,10.000000
0.980000,4.400000,10.000000
1.024500,4.500000,10.000000
1.070000,4.600000,10.000000
1.116500,4.700000,10.000000
1.164000,4.800000,10.000000
1.212500,4.900000,10.000000
1.262000,5.000000,10.000000
1.312500,5.100000,10.000000
1.364000,5.200000,10.000000
1.416500,5.300000,10.000000
1.470000,5.400000,10.000000
1.524500,5.500000,10.000000
1.580000,5.600000,10.000000
1.636500,5.700000,10.000000
1.694000,5.800000,10.000000
1.752500,5.900000,10.000000
1.812000,6.000000,10.000000
1.872500,6.100000,10.000000
1.934000,6.200000,10.000000
1.996500,6.300000,10.000000
2.060000,6.400000,10.000000
2.124500,6.500000,10.000000
2.190000,6.600000,10.000000
2.256500,6.700000,10.000000
2.324000,6.800000,10.000000
2.392500,6.900000,10.000000
2.462000,7.000000,10.000000
2.532500,7.100000,10.000000
2.604000,7.200000,10.000000
2.676500,7.300000,10.000000
2.750000,7.400000,10.000000
2.824500,7.500000,10.000000
2.900000,7.600000,10.000000
2.976500,7.700000,10.000000
3.054000,7.800000,10.000000
3.132500,7.900000,10.000000
3.212000,8.000000,10.000000
3.292500,8.100000,10.000000
3.374000,8.200000,10.000000
3.456500,8.300000,10.000000
3.540000,8.400000,10.000000
3.624500,8.500000,10.000000
3.710000,8.600000,10.000000
3.796500,8.700000,10.000000
3.884000,8.800000,10.000000
3.972500,8.900000,10.000000
4.062000,9.000000,10.000000
4.152500,9.100000,10.000000
4.244000,9.200000,10.000000
4.336500,9.300000,10.000000
4.430000,9.400000,10.000000
4.524500,9.500000,10.000000
4.620000,9.600000,10.000000
4.716500,9.700000,10.000000
4.814000,9.800000,10.000000
4.912500,9.900000,10.000000
5.012000,10.000000,10.000000
5.112500,10.100000,10.000000
5.214000,10.200000,10.000000
5.316500,10.300000,10.000000
5.420000,10.400000,10.000000
5.524500,10.500000,10.000000
5.630000,10.600000,10.000000
5.736500,10.700000,10.000000
5.844000,10.800000,10.000000
5.952500,10.900000,10.000000
6.062000,11.000000,10.000000
6.172500,11.100000,10.000000
6.284000,11.200000,10.000000
6.396500,11.300000,10.000000
6.510000,11.400000,10.000000
6.624500,11.500000,10.000000
6.740000,11.600000,10.000000
6.856500,11.700000,10.000000
6.974000,11.800000,10.000000
7.092500,11.900000,10.000000
7.212000,12.000000,10.000000
7.332500,12.100000,10.000000
7.454000,12.200000,10.000000
7.576500,12.300000,10.000000
7.700000,12.400000,10.000000
7.824500,12.500000,10.000000
7.950000,12.600000,10.000000
8.076500,12.700000,10.000000
8.204000,12.800000,10.000000
8.332500,12.900000,10.000000
8.462000,13.000000,10.000000
8.592500,13.100000,10.000000
8.724000,13.200000,10.000000
8.856500,13.300000,10.000000
8.990000,13.400000,10.000000
9.124500,13.500000,10.000000
9.260000,13.600000,10.000000
9.396500,13.700000,10.000000
9.534000,13.800000,10.000000
9.672500,13.900000,10.000000
9.812000,14.000000,10.000000
9.952500,14.100000,10.000000
10.094000,14.200000,10.000000
10.236500,14.300000,10.000000
10.380000,14.400000,10.000000
10.524500,14.500000,10.000000
10.670000,14.600000,10.000000
10.816500,14.700000,10.000000
10.964000,14.800000,10.000000
11.112500,14.900000,10.000000
11.262000,15.000000,10.000000
11.412500,15.100000,10.000000
11.564000,15.200000,10.000000
11.716471,15.294118,9.411765
11.869853,15.382353,8.823529
12.024088,15.464706,8.235294
12.179118,15.541176,7.647059
12.334882,15.611765,7.058824
12.491324,15.676471,6.470588
12.648382,15.735294,5.882353
12.806000,15.788235,5.294118
12.964118,15.835294,4.705882
13.122676,15.876471,4.117647
13.281618,15.911765,3.529412
13.440882,15.941176,2.941176
13.600412,15.964706,2.352941
13.760147,15.982353,1.764706
13.920029,15.994118,1.176471
14.080000,16.000000,0.588235
14.240000,16.000000,0.000000
14.400000,16.000000,0.000000
14.560000,16.000000,0.000000
14.720000,16.000000,0.000000
14.880000,16.000000,0.000000
15.040000,16.000000,0.000000
15.200000,16.000000,0.000000
15.360000,16.000000,0.000000
15.520000,16.000000,0.000000
15.680000,16.000000,0.000000
15.840000,16.000000,0.000000
16.000000,16.000000,0.000000
16.160000,16.000000,0.000000
16.320000,16.000000,0.000000
16.480000,16.000000,0.000000
16.640000,16.000000,0.000000
16.800000,16.000000,0.000000
16.960000,16.000000,0.000000
17.120000,16.000000,0.000000
17.280000,16.000000,0.000000
17.440000,16.000000,0.000000
17.600000,16.000000,0.000000
17.760000,16.000000,0.000000
17.920000,16.000000,0.000000
18.080000,16.000000,0.000000
18.240000,16.000000,0.000000
18.400000,16.000000,0.000000
18.560000,16.000000,0.000000
18.720000,16.000000,0.000000
18.880000,16.000000,0.000000
19.040000,16.000000,0.000000
19.200000,16.000000,0.000000
19.360000,16.000000,0.000000
19.520000,16.000000,0.000000
19.680000,16.000000,0.000000
19.840000,16.000000,0.000000
20.000000,16.000000,0.000000
20.160000,16.000000,0.000000
20.320000,16.000000,0.000000
20.480000,16.000000,0.000000
20.640000,16.000000,0.000000
20.800000,16.000000,0.000000
20.959989,15.997716,-0.228361
21.119925,15.989550,-0.816596
21.279750,15.975502,-1.404831
21.439406,15.955571,-1.993067
21.598832,15.929758,-2.581302
21.757971,15.898063,-3.169537
21.916764,15.860485,-3.757773
22.075152,15.817025,-4.346008
22.233075,15.767683,-4.934243
22.390476,15.712458,-5.522479
22.547295,15.651351,-6.110714
22.703473,15.584361,-6.698949
22.858953,15.511490,-7.287184
23.013674,15.432735,-7.875420
23.167578,15.348099,-8.463655
23.320606,15.257580,-9.051890
23.472700,15.161179,-9.640126
23.623812,15.061179,-10.000000
23.773924,14.961179,-10.000000
23.923036,14.861179,-10.000000
24.071147,14.761179,-10.000000
24.218259,14.661179,-10.000000
24.364371,14.561179,-10.000000
24.509483,14.461179,-10.000000
24.653594,14.361179,-10.000000
24.796706,14.261179,-10.000000
24.938818,14.161179,-10.000000
25.079930,14.061179,-10.000000
25.220042,13.961179,-10.000000
25.359153,13.861179,-10.000000
25.497265,13.761179,-10.000000
25.634377,13.661179,-10.000000
25.770489,13.561179,-10.000000
25.905601,13.461179,-10.000000
26.039712,13.361179,-10.000000
26.172824,13.261179,-10.000000
26.304936,13.161179,-10.000000
26.436048,13.061179,-10.000000
26.566159,12.961179,-10.000000
26.695271,12.861179,-10.000000
26.823383,12.761179,-10.000000
26.950495,12.661179,-10.000000
27.076607,12.561179,-10.000000
27.201718,12.461179,-10.000000
27.325830,12.361179,-10.000000
27.448942,12.261179,-10.000000
27.571054,12.161179,-10.000000
27.692166,12.061179,-10.000000
27.812277,11.961179,-10.000000
27.931389,11.861179,-10.000000
28.049501,11.761179,-10.000000
28.166613,11.661179,-10.000000
28.282725,11.561179,-10.000000
28.397836,11.461179,-10.000000
28.511948,11.361179,-10.000000
28.625060,11.261179,-10.000000
28.737172,11.161179,-10.000000
28.848283,11.061179,-10.000000
28.958395,10.961179,-10.000000
29.067507,10.861179,-10.000000
29.175619,10.761179,-10.000000
29.282731,10.661179,-10.000000
29.388842,10.561179,-10.000000
29.493954,10.461179,-10.000000
29.598066,10.361179,-10.000000
29.701178,10.261179,-10.000000
29.803290,10.161179,-10.000000
29.904401,10.061179,-10.000000
30.004513,9.961179,-10.000000
30.103625,9.861179,-10.000000
30.201737,9.761179,-10.000000
30.298848,9.661179,-10.000000
30.394960,9.561179,-10.000000
30.490072,9.461179,-10.000000
30.584184,9.361179,-10.000000
30.677296,9.261179,-10.000000
30.769407,9.161179,-10.000000
30.860519,9.061179,-10.000000
30.950631,8.961179,-10.000000
31.039743,8.861179,-10.000000
31.127855,8.761179,-10.000000
31.214966,8.661179,-10.000000
31.301078,8.561179,-10.000000
31.386190,8.461179,-10.000000
31.470302,8.361179,-10.000000
31.553413,8.261179,-10.000000
31.635525,8.161179,-10.000000
31.716637,8.061179,-10.000000
31.796749,7.961179,-10.000000
31.875861,7.861179,-10.000000
31.953972,7.761179,-10.000000
32.031084,7.661179,-10.000000
32.107196,7.561179,-10.000000
32.182308,7.461179,-10.000000
32.256420,7.361179,-10.000000
32.329531,7.261179,-10.000000
32.401643,7.161179,-10.000000
32.472755,7.061179,-10.000000
32.542867,6.961179,-10.000000
32.611978,6.861179,-10.000000
32.680090,6.761179,-10.000000
32.747202,6.661179,-10.000000
32.813314,6.561179,-10.000000
32.878426,6.461179,-10.000000
32.942537,6.361179,-10.000000
33.005649,6.261179,-10.000000
33.067761,6.161179,-10.000000
33.128873,6.061179,-10.000000
33.188985,5.961179,-10.000000
33.248096,5.861179,-10.000000
33.306208,5.761179,-10.000000
33.363320,5.661179,-10.000000
33.419432,5.561179,-10.000000
33.474543,5.461179,-10.000000
33.528655,5.361179,-10.000000
33.581767,5.261179,-10.000000
33.633879,5.161179,-10.000000
33.684991,5.061179,-10.000000
33.735102,4.961179,-10.000000
33.784214,4.861179,-10.000000
33.832326,4.761179,-10.000000
33.879438,4.661179,-10.000000
33.925550,4.561179,-10.000000
33.970661,4.461179,-10.000000
34.014773,4.361179,-10.000000
34.057885,4.261179,-10.000000
34.099997,4.161179,-10.000000
34.141108,4.061179,-10.000000
34.181220,3.961179,-10.000000
34.220332,3.861179,-10.000000
34.258444,3.761179,-10.000000
34.295556,3.661179,-10.000000
34.331667,3.561179,-10.000000
34.366779,3.461179,-10.000000
34.400891,3.361179,-10.000000
34.434003,3.261179,-10.000000
34.466115,3.161179,-10.000000
34.497226,3.061179,-10.000000
34.527338,2.961179,-10.000000
34.556450,2.861179,-10.000000
34.584562,2.761179,-10.000000
34.611674,2.661179,-10.000000
34.637785,2.561179,-10.000000
34.662897,2.461179,-10.000000
34.687009,2.361179,-10.000000
34.710121,2.261179,-10.000000
34.732232,2.161179,-10.000000
34.753344,2.061179,-10.000000
34.773456,1.961179,-10.000000
34.792568,1.861179,-10.000000
34.810680,1.761179,-10.000000
34.827791,1.661179,-10.000000
34.843903,1.561179,-10.000000
34.859015,1.461179,-10.000000
34.873127,1.361179,-10.000000
34.886239,1.261179,-10.000000
34.898350,1.161179,-10.000000
34.909462,1.061179,-10.000000
34.919574,0.961179,-10.000000
34.928686,0.861179,-10.000000
34.936809,0.763462,-9.771639
34.943984,0.671628,-9.183404
34.950271,0.585677,-8.595169
34.955727,0.505607,-8.006933
34.960412,0.431420,-7.418698
34.964385,0.363116,-6.830463
34.967704,0.300693,-6.242227
34.970428,0.244153,-5.653992
34.972617,0.193496,-5.065757
34.974328,0.148721,-4.477521
34.975620,0.109828,-3.889286
34.976554,0.076817,-3.301051
34.977186,0.049689,-2.712816
34.977577,0.028443,-2.124580
34.977784,0.013080,-1.536345
34.977868,0.003599,-0.948110
34.977886,0.000000,-0.359874
34.977886,0.000000,0.000000
34.977886,0.000000,0.000000